ΨΩΜΙ ΤΟΣΤ ΣΤΑΡΕΝΙΟ ΦΟΡΜΑ 680 GR||https://www.ab.gr/medias/sys_master/h1f/hef/8935848509470.jpg|3
ΨΩΜΙ ΤΟΣΤ ΨΙΧΑ ΣΙΤΟΥ 480 GR|Το Καραμολέγκος Ψίχατοστ δεν είναι απλά ένα ψωμί χωρίς κόρα. Είναι η ψίχα ενός απολαυστικού ψωμιού. Είναι φτιαγμένο με μία μοναδική συνταγή για να απολαμβάνετε εσείς και η οικογένειά σας το καλύτερο μέρος ενός νόστιμου, μαλακού και αφράτου ψωμιού. Καραμολέγκος Ψίχατοστ, η καρδιά της απόλαυσης.|https://www.ab.gr/medias/sys_master/hca/hb8/8936432762910.jpg|3
ΑΡΤΟΣΚΕΥΑΣΜΑ ΟΛΙΚΗΣ ΑΛΕΣΗΣ ΜΕ ΣΙΚΑΛΗ 500 GR|Με σεβασμό στην παραδοσιακή τέχνη της αρτοποιίας, δημιουργήθηκε ένα χωριάτικο ψωμί σε φέτες με αγνά, εκλεκτά υλικά, μοναδική πλούσια γεύση και υφή όπως αυτή του φρεσκοψημένου παραδοσιακού ψωμιού. Ένα ψωμί με δημητριακά ολικής άλεσης, φυτικές ίνες και πρωτεΐνες. Με φυσικό προζύμι. Αφράτο & νόστιμο. Με αγνά & εκλεκτά υλικά.|https://www.ab.gr/medias/sys_master/hec/h05/8847865839646.jpg|3
ΑΡΤΟΣΚΕΥΑΣΜΑ ΣΤΑΡΕΝΙΟ ΣΕ ΦΕΤΕΣ 550 GR|Του βάζετε δέκα, γιατί διατηρείται μόνο δέκα μέρες και έτσι είναι πάντα αφράτο. Του βάζετε δέκα, γιατί είναι σε ειδική αδιαφανή συσκευασία που το προστατεύει από το φως. Του βάζετε δέκα, γιατί και σκέτο είναι σκέτη απόλαυση!|https://www.ab.gr/medias/sys_master/h22/hb3/8835782574110.jpg|3
ΑΡΤΟΣΚΕΥΑΣΜΑ ΠΟΛΥΣΠΟΡΟ 540 GR|Με σεβασμό στην παραδοσιακή τέχνη της αρτοποιίας, δημιουργήθηκε ένα χωριάτικο ψωμί σε φέτες με αγνά, εκλεκτά υλικά, μοναδική πλούσια γεύση και υφή όπως αυτή του φρεσκοψημένου παραδοσιακού ψωμιού. Ένα ψωμί με δημητριακά ολικής άλεσης, φυτικές ίνες και πρωτεΐνες. Με φυσικό προζύμι. Αφράτο & νόστιμο. Με αγνά & εκλεκτά υλικά.|https://www.ab.gr/medias/sys_master/hbd/h17/8847869181982.jpg|3
ΦΡΥΓΑΝΙΕΣ ΣΙΤΟΥ 4 Χ 125 GR|Οι κλασικές φρυγανιές Elite σίτου αποτελούν ένα τραγανό και απολαυστικό snack για κάθε στιγμή της ημέρας. Παράγονται από αγνά υλικά και αποτελούν ιδανική λύση για το πρωινό ή συνοδευτικό για κάθε γεύμα σας. Για όλους εσάς που επιλέγετε μια ισορροπημένη διατροφή σε αλάτι και σάκχαρα, απολαύστε τις κλασικές φρυγανιές Elite Σίτου με μόνο 0,4% αλάτι ή Σίκαλης με μόνο 0,7% αλάτι, χωρίς προσθήκη ζάχαρης.|https://www.ab.gr/medias/sys_master/he7/hf1/8941676789790.jpg|3
ΨΩΜΙ ΤΟΣΤ ΜΙΝΙ 340 GR|Ένα ψωμί φτιαγμένο με φυσικό προζύμι για πλούσια, αυθεντική γεύση. Ψωμί για τοστ Καραμολέγκος, νόστιμο και αφράτο από την πρώτη, μέχρι την τελευταία φέτα.|https://www.ab.gr/medias/sys_master/ha1/h13/8913320869918.jpg|3
ΑΡΤΟΣΚΕΥΑΣΜΑ ΟΛΙΚΗΣ ΑΛΕΣΗΣ ΣΕ ΦΕΤΕΣ 500 GR|Του βάζετε δέκα, γιατί διατηρείται μόνο δέκα μέρες και έτσι είναι πάντα αφράτο. Του βάζετε δέκα, γιατί είναι σε ειδική αδιαφανή συσκευασία που το προστατεύει από το φως. Του βάζετε δέκα, γιατί και σκέτο είναι σκέτη απόλαυση!|https://www.ab.gr/medias/sys_master/h68/h56/8837980782622.jpg|3
ΑΡΤΟΣΚΕΥΑΣΜΑ ΧΩΡΙΑΤΙΚΟ ΣΕ ΦΕΤΕΣ 500 GR|Του βάζετε δέκα, γιατί διατηρείται μόνο δέκα μέρες και έτσι είναι πάντα αφράτο. Του βάζετε δέκα, γιατί είναι σε ειδική αδιαφανή συσκευασία που το προστατεύει από το φως. Του βάζετε δέκα, γιατί και σκέτο είναι σκέτη απόλαυση!|https://www.ab.gr/medias/sys_master/hd7/haf/8835807346718.jpg|3
ΠΑΞΙΜΑΔΑΚΙΑ ΛΑΔΙΟΥ 500 GR|Όταν η παράδοση των Κυθήρων συναντά την Κρητική τότε έχουμε το πιο νόστιμο παξιμάδι λαδιού. Με αλεύρι σιταρένιο, αλεσμένο σε πετρόμυλο και με 14% ελαιόλαδο, συνοδεύει υπέροχα όλων των ειδών τα τυριά αλλά και κάθε άλλο γεύμα.|https://www.ab.gr/medias/sys_master/he7/h42/8836351754270.jpg|3
ΨΩΜΙ ΤΟΣΤ ΑΡΧΑΙΑ ΣΠΟΡΑ ΟΛΙΚΗΣ ΑΛΕΣΗΣ 500 GR|Ψωμί σίτου ολικής άλεσης με δίκοκκο σιτάρι σε φέτες εμπνευσμένο από την αρχαία διατροφή για την καθημερινή σας διατροφή. Το απαραίτητο ψωμί για το φαγητό σας. Απολαύστε το!|https://www.ab.gr/medias/sys_master/hf6/h91/8847862300702.jpg|3
ΦΡΥΓΑΝΙΕΣ ΧΩΡΙΑΤΙΚΕΣ ΟΛΙΚΗΣ ΑΛΕΣΗΣ 240 ΓΡ|Στην πόλη δεν υπάρχουν πολλά να θυμίζουν την αυθεντικότητα ενός χωριού! Ευτυχώς τη θυμίζουν κάποιες γεύσεις. Χωριάτικες φρυγανιές ΠΑΠΑΔΟΠΟΥΛΟΥ. Όλη η νοστιμιά του χωριάτικου ψωμιού στις αγαπημένες σας Χωριάτικες φρυγανιές.|https://www.ab.gr/medias/sys_master/h48/hf8/8841155149854.jpg|3
ΨΩΜΙ ΤΟΣΤ ΟΛΙΚΗΣ ΑΛΕΣΗΣ 400 GR|Το πρώτο συσκευασμένο ψωμί τοστ με gourmet διάσταση μπήκε στη ζωή μας το 2009 και από τότε έχει γίνει η αγαπημένη συνήθεια μικρών και μεγάλων. Το ψωμί που έχουν επιλέξει οι chef για την ανώτερη γεύση του μας βάζει καθημερινά ιδέες για ατέλειωτες αλμυρές και γλυκές δημιουργίες. Τρώγεται το ίδιο ευχάριστα είτε ως ψημένο τοστ είτε ως κρύο σάντουιτς ενώ οι μοναδικές γεύσεις και η αφράτη υφή του το καθιστούν ιδανικό για κάθε ψωμένια λιχουδιά.  Μπορείτε να το απολαύσετε ακόμα και χωρίς άλλο συνοδευτικό αφού είναι τόσο νόστιμο… που τρώγεται και σκέτο! Τόστιμη! γεύση με την αξία της Ολικής Άλεσης.|https://www.ab.gr/medias/sys_master/h52/h91/8840186036254.jpg|3
ΨΩΜΙ ΤΟΣΤ ΦΟΡΜΑ 680 GR|Ένα ψωμί φτιαγμένο με φυσικό προζύμι για πλούσια, αυθεντική γεύση. Ψωμί για τοστ Καραμολέγκος, νόστιμο και αφράτο από την πρώτη, μέχρι την τελευταία φέτα.|https://www.ab.gr/medias/sys_master/hd6/h38/8913325522974.jpg|3
ΨΩΜΙ ΤΟΣΤ ΨΙΧΑ ΣΙΚΑΛ 480 GR|Το Καραμολέγκος Ψίχατοστ δεν είναι απλά ένα ψωμί χωρίς κόρα. Είναι η ψίχα ενός απολαυστικού ψωμιού. Είναι φτιαγμένο με μία μοναδική συνταγή για να απολαμβάνετε εσείς και η οικογένειά σας το καλύτερο μέρος ενός νόστιμου, μαλακού και αφράτου ψωμιού. Καραμολέγκος Ψίχατοστ, η καρδιά της απόλαυσης.|https://www.ab.gr/medias/sys_master/hd2/h62/8936431484958.jpg|3
ΠΙΤΤΕΣ ΑΡΑΒΙΚΟΣ ΑΡΤΟΣ 500 GR|Η τέχνη της πίτας.|https://www.ab.gr/medias/sys_master/hfc/h1e/8840007450654.jpg|3
ΨΩΜΙ ΤΟΣΤ ΣΤΑΡΕΝΙΟ 800 GR|Το πρώτο συσκευασμένο ψωμί τοστ με gourmet διάσταση μπήκε στη ζωή μας το 2009 και από τότε έχει γίνει η αγαπημένη συνήθεια μικρών και μεγάλων. Το ψωμί που έχουν επιλέξει οι chef για την ανώτερη γεύση του μας βάζει καθημερινά ιδέες για ατέλειωτες αλμυρές και γλυκές δημιουργίες. Τρώγεται το ίδιο ευχάριστα είτε ως ψημένο τοστ είτε ως κρύο σάντουιτς ενώ οι μοναδικές γεύσεις και η αφράτη υφή του το καθιστούν ιδανικό για κάθε ψωμένια λιχουδιά.  Μπορείτε να το απολαύσετε ακόμα και χωρίς άλλο συνοδευτικό αφού είναι τόσο νόστιμο… που τρώγεται και σκέτο! Απολαυστικά τοστάκια για όλη την οικογένεια.|https://www.ab.gr/medias/sys_master/hd8/h31/8913333059614.jpg|3
ΨΩΜΙ ΤΟΣΤ ΣΤΑΡΕΝΙΟ ΦΟΡΜΑ 700 GR|Ψωμί σίτου για τοστ.|https://www.ab.gr/medias/sys_master/h40/h24/8911867150366.jpg|3
ΑΡΤΟΣΚΕΥΑΣΜΑ ΣΤΑΡΕΝΙΟ 6 ΔΗΜΗΤΡΙΑΚΑ 500 GR|Με σεβασμό στην παραδοσιακή τέχνη της αρτοποιίας, δημιουργήθηκε ένα χωριάτικο ψωμί σε φέτες με αγνά, εκλεκτά υλικά, μοναδική πλούσια γεύση και υφή όπως αυτή του φρεσκοψημένου παραδοσιακού ψωμιού. Ένα ψωμί με δημητριακά ολικής άλεσης, φυτικές ίνες και πρωτεΐνες. Με φυσικό προζύμι. Αφράτο & νόστιμο. Με αγνά & εκλεκτά υλικά.|https://www.ab.gr/medias/sys_master/h3e/hb4/8847856992286.jpg|3
ΦΡΥΓΑΝΙΕΣ ΣΙΚΑΛΗΣ 4 Χ 90 GR ΠΡΟΣΦΟΡΑ ΤΟ 1 ΠΑΚΕΤΟ ΔΩΡΟ|Οι κλασικές φρυγανιές Elite σίκαλης αποτελούν ένα τραγανό και απολαυστικό snack για κάθε στιγμή της ημέρας. Παράγονται από αγνά υλικά και αποτελούν ιδανική λύση για το πρωινό ή συνοδευτικό για κάθε γεύμα σας. Για όλους εσάς που επιλέγετε μια ισορροπημένη διατροφή σε αλάτι και σάκχαρα, απολαύστε τις κλασικές φρυγανιές Elite Σίτου με μόνο 0,4% αλάτι ή Σίκαλης με μόνο 0,7% αλάτι, χωρίς προσθήκη ζάχαρης.|https://www.ab.gr/medias/sys_master/h3a/h64/8941681442846.jpg|3
ΠΑΞΙΜΑΔΑΚΙΑ ΚΡΙΘΙΝΑ 400 GR|Μικρά κρίθινα παξιμάδια νόστιμα και τραγανά, είναι ιδιαίτερα θρεπτικά και ιδανική πηγή ενέργειας. Πλούσια σε φυτικές ίνες και με χαμηλά λιπαρά αποτελούν απαραίτητο συμπλήρωμα μιας σωστής μεσογειακής διατροφής.|https://www.ab.gr/medias/sys_master/hdb/hea/8838623625246.jpg|3
ΨΩΜΙ ΤΟΣΤ ΜΙΝΙ ΠΟΛΥΣΠΟΡΟ ΜΕ ΠΡΟΖΥΜΙ 340 GR|Ένα ψωμί φτιαγμένο με φυσικό προζύμι για πλούσια, αυθεντική γεύση. Ψωμί για τοστ Καραμολέγκος, νόστιμο και αφράτο από την πρώτη, μέχρι την τελευταία φέτα.|https://www.ab.gr/medias/sys_master/h05/hb0/8834506522654.jpg|3
ΜΠΑΓΚΕΤΑ ΣΙΤΟΥ ΜΕ ΓΑΛΑ 2 X 100 GR||https://www.ab.gr/medias/sys_master/h30/h6a/8845315080222.jpg|3
ΠΙΤΤΕΣ TRADITIONAL WRAPS 420 GR|Πίτες- τορτίγιας, για σάντουιτς, σαλάτες, ρολάκια, κεσαδίγιας, πίτσα και γλυκά.|https://www.ab.gr/medias/sys_master/hba/h74/8834783674398.jpg|3
ΠΙΤΤΕΣ ΜΕΓΑΛΕΣ ΓΙΑ ΣΟΥΒΛΑΚΙ 820 GR|Αφράτες πίτες ως την τελευταία.|https://www.ab.gr/medias/sys_master/h4e/h75/8839943749662.jpg|3
ΠΙΤΤΕΣ TORTILLAS WRAPS 8 ΤΕΜΑΧΙΩΝ 346 GR|Πίτες- τορτίγιας, για σάντουιτς, σαλάτες, ρολάκια, κεσαδίγιας, πίτσα και γλυκά.|https://www.ab.gr/medias/sys_master/h12/h7a/8834782494750.jpg|3
ΤΣΟΥΡΕΚΙ  450 GR|Λαχταριστό τσουρέκι που παρασκευάζεται με φροντίδα και αγάπη. Κάθε μέρα για εσάς. Με μαστίχα Χίου.|https://www.ab.gr/medias/sys_master/h03/hbd/8834622849054.jpg|3
ΠΙΤΤΑΚΙΑ  500 GR|Το πολυεργαλείο της πίτας. Χίλιες και μία χρήσεις...|https://www.ab.gr/medias/sys_master/h99/h23/8813571506206.jpg|3
ΤΡΙΜΜΑ ΦΡΥΓΑΝΙΑΣ ΣΙΤΟΥ ΣΙΚΑΛΗΣ 180 GR|Η τριμμένη φρυγανιά σίτου με σίκαλη είναι πρακτική και υγιεινή λύση στη ζαχαροπλαστική και τη μαγειρική.|https://www.ab.gr/medias/sys_master/h2b/h51/8838720356382.jpg|3
ΦΡΥΓΑΝΙΕΣ ΧΩΡΙΑΤΙΚΕΣ ΜΕ 6 ΔΗΜΗΤΡΙΑΚΑ|Στην πόλη δεν υπάρχουν πολλά να θυμίζουν την αυθεντικότητα ενός χωριού! Ευτυχώς τη θυμίζουν κάποιες γεύσεις. Χωριάτικες φρυγανιές ΠΑΠΑΔΟΠΟΥΛΟΥ. Όλη η νοστιμιά του χωριάτικου ψωμιού στις αγαπημένες σας Χωριάτικες φρυγανιές.|https://www.ab.gr/medias/sys_master/h30/h15/8841165176862.jpg|3
ΨΩΜΙ ΤΟΣΤ ΜΠΡΙΟΣ 400 GR|Το πρώτο συσκευασμένο ψωμί τοστ με gourmet διάσταση μπήκε στη ζωή μας το 2009 και από τότε έχει γίνει η αγαπημένη συνήθεια μικρών και μεγάλων. Το ψωμί που έχουν επιλέξει οι chef για την ανώτερη γεύση του μας βάζει καθημερινά ιδέες για ατέλειωτες αλμυρές και γλυκές δημιουργίες. Τρώγεται το ίδιο ευχάριστα είτε ως ψημένο τοστ είτε ως κρύο σάντουιτς ενώ οι μοναδικές γεύσεις και η αφράτη υφή του το καθιστούν ιδανικό για κάθε ψωμένια λιχουδιά.  Μπορείτε να το απολαύσετε ακόμα και χωρίς άλλο συνοδευτικό αφού είναι τόσο νόστιμο… που τρώγεται και σκέτο! Μοναδική γεύση για γλυκούς και αλμυρούς πειραματισμούς… με άρωμα Γαλλίας!|https://www.ab.gr/medias/sys_master/h99/hfc/8840187412510.jpg|3
ΠΙΤΤΕΣ ΓΙΑ ΣΟΥΒΛΑΚΙ 10 ΤΕΜΑΧΙΩΝ 700 GR|Παραδοσιακή ελληνική πίτα για σουβλάκι.|https://www.ab.gr/medias/sys_master/h7d/h6f/8855093936158.jpg|3
ΠΙΤΤΕΣ ΚΥΠΡΙΑΚΕΣ 400 GR|Αφράτες πίτες ως την τελευταία.|https://www.ab.gr/medias/sys_master/hcb/h00/8839914848286.jpg|3
ΨΩΜΙ ΤΟΣΤ ΣΙΤΟΥ ΓΕΥΣΗ2 700 GR|Περισσότερη νοστιμιά, περισσότερη γεύση σε ένα ψωμί που φτιάχτηκε για… απόλαυση στο τετράγωνο. Με φυσικό προζύμι. Αφράτο & νόστιμο. Με αγνά & εκλεκτά υλικά.|https://www.ab.gr/medias/sys_master/h3b/hfa/8913319624734.jpg|3
ΤΡΙΜΜΑ ΦΡΥΓΑΝΙΑΣ  180 GR|Τρίμμα φρυγανιάς από σιτάρι και σίκαλη.|https://www.ab.gr/medias/sys_master/hef/hc4/8941682688030.jpg|3
ΠΑΞΙΜΑΔΑΚΙΑ ΧΩΡΙΣ ΖΑΧΑΡΗ 200 GR|Αφράτα, νόστιμα, τραγανά και υγιεινά τα Kripsies είναι η τέλεια λύση για κάθε ώρα της ημέρας. Παρασκευάζονται με παραδοσιακή συνταγή και με αγνά υλικά και αποτελούν γευστική πρόταση για κάθε στιγμή. Δοκιμάστε τα με γιαούρτι και μέλι, με τυριά της επιλογής σας, μαζί με τη σαλάτα σας στο σπίτι ή στο γραφείο. Βουτήξτε τα σε λαχταριστά ντιπ ή ακόμη αλείψτε τα με τα αγαπημένα σας υλικά. Γεύση: Χωρίς ζάχαρη.|https://www.ab.gr/medias/sys_master/haf/h37/8836284121118.jpg|3
ΨΩΜΙ ΤΟΣΤ ΣΙΚΑΛΗΣ ΜΙΝΙ 340 GR|Ένα ψωμί φτιαγμένο με φυσικό προζύμι για πλούσια, αυθεντική γεύση. Ψωμί για τοστ Καραμολέγκος, νόστιμο και αφράτο από την πρώτη, μέχρι την τελευταία φέτα.|https://www.ab.gr/medias/sys_master/h89/h98/8913330569246.jpg|3
ΨΩΜΙ ΤΟΣΤ ΑΡΧΑΙΑ ΣΠΟΡΑ ΣΤΑΡΕΝΙΟ 500 GR|Ψωμί σίτου με δίκοκκο σιτάρι σε φέτες εμπνευσμένο από την αρχαία διατροφή για την καθημερινή σας διατροφή. Το απαραίτητο ψωμί για το φαγητό σας. Απολαύστε το!|https://www.ab.gr/medias/sys_master/h0a/h0c/8847855812638.jpg|3
ΨΩΜΙ ΤΟΥ ΤΟΣΤ ΣΙΚΑΛΗ ΚΑΙ ΒΡΩΜΗ 500GR||https://www.ab.gr/medias/sys_master/h23/h37/8920441683998.jpg|3
ΔΕΚΑ ΨΩΜΙ ΤΟΣΤ ΠΟΛΥΣΠΟΡΟ CHIA 500ΓΡ||https://www.ab.gr/medias/sys_master/h2c/hcc/8920388141086.jpg|3
ΨΩΜΙ ΤΟΣΤ ΣΤΑΡΕΝΙΟ 400 GR|Το πρώτο συσκευασμένο ψωμί τοστ με gourmet διάσταση μπήκε στη ζωή μας το 2009 και από τότε έχει γίνει η αγαπημένη συνήθεια μικρών και μεγάλων. Το ψωμί που έχουν επιλέξει οι chef για την ανώτερη γεύση του μας βάζει καθημερινά ιδέες για ατέλειωτες αλμυρές και γλυκές δημιουργίες. Τρώγεται το ίδιο ευχάριστα είτε ως ψημένο τοστ είτε ως κρύο σάντουιτς ενώ οι μοναδικές γεύσεις και η αφράτη υφή του το καθιστούν ιδανικό για κάθε ψωμένια λιχουδιά.  Μπορείτε να το απολαύσετε ακόμα και χωρίς άλλο συνοδευτικό αφού είναι τόσο νόστιμο… που τρώγεται και σκέτο! Τέλεια επιλογή για τα πιο αφράτα και απολαυστικά τοστ.|https://www.ab.gr/medias/sys_master/h2d/hc1/8910484439070.jpg|3
ΚΡΟΥΑΣΑΝ ΠΡΑΛΙΝΑ 5 Χ 40 GR|Το αγαπημένο σας croissant με πιο πλούσια γέμιση πραλίνας φουντουκιού. Απολαύστε τη λαχταριστή γεύση του όποτε θέλετε μέσα στην ημέρα.|https://www.ab.gr/medias/sys_master/h12/h25/8809288892446.jpg|3
ΚΡΟΥΑΣΑΝ KAKAO 3 X 70 GR|Ατομικά croissants με γέμιση κρέμα κακάο.|https://www.ab.gr/medias/sys_master/h18/h08/8835763109918.jpg|3
ΚΑΡΑΜΟΛ ΤΟΣΤ ΓΕΡΜΑΝΙΚΟΥ ΤΥΠΟΥ 500ΓΡ||https://www.ab.gr/medias/sys_master/hbc/h86/8920455249950.jpg|3
ΚΡΙΤΣΙΝΙΑ ΗΛΙΟΣΠΟΡΟΥ 250 GR|Παρασκευάζονται με χειροποίητο τρόπο|https://www.ab.gr/medias/sys_master/hb2/he2/8859356200990.jpg|3
ΠΙΤΤΕΣ ΟΛΙΚΗΣ ΑΛΕΣΗΣ 350 GR|Πίτες- τορτίγιας ολικής άλεσης, για σάντουιτς, σαλάτες, ρολάκια, κεσαδίγιας, πίτσα και γλυκά.|https://www.ab.gr/medias/sys_master/h0f/h89/8835998384158.jpg|3
ΨΩΜΙ ΤΟΣΤ ΒΡΩΜΗ &ΚΡΙΘΑΡΙ 500 GR||https://www.ab.gr/medias/sys_master/h20/hcf/8920447254558.jpg|3
ΑΡΤΟΣΚΕΥΑΣΜΑ HOT DOG 6 ΤΕΜΑΧΙΩΝ 400 GR|Η Καραμολέγκος κάνει τα πάντα για να σας διευκολύνει, γι’ αυτό και τα ψωμάκια της είναι τα μοναδικά προ – κομμένα. Εσείς το μόνο που έχετε να κάνετε είναι να τα γεμίσετε με τη φαντασία σας.|https://www.ab.gr/medias/sys_master/h28/h85/8838551011358.jpg|3
ΚΡΙΤΣΙΝΙΑ ΟΛΙΚΗΣ ΑΛΕΣΗΣ 300 GR|Κριτσίνια ολικής άλεσης με σουσάμι.|https://www.ab.gr/medias/sys_master/ha7/h0e/8838082822174.jpg|3
ΨΩΜΙ ΤΟΣΤ ΣΤΑΡΕΝΙΟ 700 GR|To 1967 το Κρις Κρις λάνσαρε το πρώτο συσκευασμένο ψωμί τοστ στην Ελλάδα. Από τότε, χάρη στην κλασική αγαπημένη γεύση του αλλά και την ποιότητα που χρόνια εμπιστεύεστε, έχει κερδίσει επάξια τη θέση του στην καρδιά σας!  Κλασική αξία για όλη την οικογένεια.|https://www.ab.gr/medias/sys_master/hb9/h92/8913324605470.jpg|3
ΑΡΤΟΠΑΡΑΣΚΕΥΑΣΜΑ ΜΕ ΠΡΟΖΥΜΙ ΤΗΣ ΓΙΑΓΙΑΣ ΣΕ ΦΕΤΕΣ 750 GR|Προζυμένιο της γιαγιάς σε φέτες. Αρτοπαρασκεύασμα χωρίς συντηρητικά.|https://www.ab.gr/medias/sys_master/hd8/ha2/8845317046302.jpg|3
ΨΩΜΙ  750 ΓΡ||https://www.ab.gr/medias/sys_master/h3d/h21/8853987590174.jpg|3
ΦΡΥΓΑΝΙΕΣ ΣΤΑΡΙΟΥ 250 GR|Οι κλασικές φρυγανιές Elite σίτου αποτελούν ένα τραγανό και απολαυστικό snack για κάθε στιγμή της ημέρας. Παράγονται από αγνά υλικά και αποτελούν ιδανική λύση για το πρωινό ή συνοδευτικό για κάθε γεύμα σας. Για όλους εσάς που επιλέγετε μια ισορροπημένη διατροφή σε αλάτι και σάκχαρα, απολαύστε τις κλασικές φρυγανιές Elite Σίτου με μόνο 0,4% αλάτι ή Σίκαλης με μόνο 0,7% αλάτι, χωρίς προσθήκη ζάχαρης.|https://www.ab.gr/medias/sys_master/hcf/h92/8836288249886.jpg|3
ΨΩΜΙ ΤΟΣΤ ΟΛΙΚΗΣ ΑΛΕΣΗΣ ΣΙΤΟΥ ΚΑΙ ΣΙΚΑΛΗ ΓΕΥΣΗ2 350 GR|Πόση γεύση μπορεί να κρύβει μία τετράγωνη φέτα του τοστ; Περισσότερη από όση φαντάζεστε! «Γεύση2» , το αφράτο και νόστιμο ψωμί του τοστ το οποίο χάρις στον καινοτόμο για τα ελληνικά δεδομένα τρόπο παρασκευής και συσκευασίας του, στο φυσικό προζύμι που χρησιμοποιείται αλλά και σε κάποια ακόμη φυσικά συστατικά του όπως το αλεύρι φάβας και το ξύδι, διατηρείται αφράτο και μαλακό εκτός ψυγείου. Περισσότερη νοστιμιά, περισσότερη γεύση σε ένα ψωμί που φτιάχτηκε για… απόλαυση στο τετράγωνο.|https://www.ab.gr/medias/sys_master/hd2/h5c/8840025538590.jpg|3
ΚΕΙΚ ΑΝΑΜΙΚΤΟ 400 GR|Λαχταριστό κέικ που παρασκευάζεται με φροντίδα και αγάπη. Κάθε μέρα για εσάς. Ανάμικτο.|https://www.ab.gr/medias/sys_master/h6e/h57/8829038690334.jpg|3
ΨΩΜΙ ΤΟΣΤ ΨΙΧΑ ΣΙΤΟΥ 480 GR||https://www.ab.gr/medias/sys_master/hfa/h42/8935859978270.jpg|3
ΑΡΤΟΠΑΡΑΣΚΕΥΑΣΜΑ ΧΩΡΙΑΤΙΚΟ ΖΥΜΩΤΟ 350 GR|Χωριάτικο ζυμωτό στο χέρι στη πινακωτή και ψημένο στα ξύλα. Χωρίς συντηρητικά. Μόνο με προζύμι.|https://www.ab.gr/medias/sys_master/hb1/h30/8834270003230.jpg|3
ΨΩΜΙ ΤΟΣΤ ΟΛΙΚΗΣ ΑΛΕΣΗΣ 900 GR||https://www.ab.gr/medias/sys_master/h68/h1e/8939261296670.jpg|3
ΨΩΜΙ ΤΟΣΤ ΨΙΧΑ ΣΙΤΟΥ 480 GR||https://www.ab.gr/medias/sys_master/h65/h5b/8935856898078.jpg|3
ΦΡΥΓΑΝΙΕΣ ΧΩΡΙΑΤΙΚΗ ΜΕ ΣΟΥΣΑΜΙ|Στην πόλη δεν υπάρχουν πολλά να θυμίζουν την αυθεντικότητα ενός χωριού! Ευτυχώς τη θυμίζουν κάποιες γεύσεις. Χωριάτικες φρυγανιές ΠΑΠΑΔΟΠΟΥΛΟΥ. Όλη η νοστιμιά του χωριάτικου ψωμιού στις αγαπημένες σας Χωριάτικες φρυγανιές.|https://www.ab.gr/medias/sys_master/hbc/h7d/8841173041182.jpg|3
ΑΡΤΟΠΑΡΑΣΚΕΥΑΣΜΑ ΟΛΙΚΗΣ ΑΛΕΣΗΣ ΣΕ ΦΕΤΕΣ 750 GR|Αρτοσκεύασμα ολικής αλέσεως σε φέτες. Χωρίς συντηρητικά. Προϊόν υγιεινής διατροφής. Ιδανικό για τοστ και σάντουιτς.|https://www.ab.gr/medias/sys_master/hfb/he3/8834267250718.jpg|3
ΚΡΟΥΑΣΑΝ ΚΑΚΑΟ 60 GR|To Chipicao είναι το παιδικό croissant της Chipita. Κυκλοφορεί σε 12 χώρες και προσφέρει στα παιδιά ένα δώρο μέσα σε κάθε συσκευασία.|https://www.ab.gr/medias/sys_master/h13/h03/8833195147294.jpg|3
ΠΑΞΙΜΑΔΙΑ ΟΛΙΚΗΣ ΑΛΕΣΗΣ ΚΥΘΗΡΩΝ 500 GR|Στον Καραβά σε ένα από τα πιο όμορφα χωριά των Κυθήρων παρασκευάζονται με μεράκι τα γνήσια παραδοσιακά παξιμάδια Κυθήρων. Παξιμάδια ολικής άλεσης φτιαγμένα με παραδοσιακή συνταγή που αναδεικνύει το Μεσογειακό τρόπο διατροφής. Η ΆλφαΒήτα κοντά στην ελληνική γη.|https://www.ab.gr/medias/sys_master/h59/hd2/8941354385438.jpg|3
ΠΙΤΤΕΣ ΟΛΙΚΗΣ ΑΛΕΣΗΣ 510 GR|Για όσους θέλουν να προσέχουν τι τρώνε χωρίς να στερούνται τις λιχουδιές.|https://www.ab.gr/medias/sys_master/h4b/h21/8813552173086.jpg|3
ΜΠΡΙΟΣ 6 ΤΕΜΑΧΙΩΝ 330 GR|Γευστικά brioche που παρασκευάζονται με φροντίδα και αγάπη. Κάθε μέρα για εσάς.|https://www.ab.gr/medias/sys_master/hf6/h7b/8834633072670.jpg|3
ΠΑΞΙΜΑΔΙΑ ΚΡΙΘΑΡΕΝΙA 400 GR|Δεν είναι απλώς νόστιμα, υγιεινά, τραγανά. Είναι πολύτιμα. Χωρίς προσθήκη αλατιού, γίνονται σύμμαχος υγείας για όσους αποφεύγουν το αλάτι, αλλά και για όσους ανακαλύπτουν ότι είναι νοστιμότατα και χωρίς αλάτι. Ιδανικά για πρωινό, με γιαούρτι, σαλάτες, τυριά, αλλά και συνοδευτικά κάθε γεύματος αντί για ψωμί.|https://www.ab.gr/medias/sys_master/h83/h7d/8814325760030.jpg|3
ΤΣΟΥΡΕΚΙ ΣΜΥΡΝΕΙΚΟ 500 GR|Παρασκευάζεται με χειροποίητο τρόπο|https://www.ab.gr/medias/sys_master/h1e/h17/8854465151006.jpg|3
ΨΩΜΑΚΙΑ ΣΑΝΤΟΥΙΤΣ 480 GR||https://www.ab.gr/medias/sys_master/h23/h74/8937925738526.jpg|3
ΚΡΟΥΤΟΝ ΦΥΣΙΚΗ ΓΕΥΣΗ 100 GR|Τα τραγανά κρουτόνς την leimer φτιάχνονται από φρεσκοψημένο λευκό ψωμί. Αμέσως μετά το ψήσιμο, το ψωμί κόβεται σε κύβους και φρυγανίζεται προσεκτικά. Το τέλειο τελείωμα σε σαλάτες και σούπες. Κατάλληλο και ως σνάκ.|https://www.ab.gr/medias/sys_master/hff/h9d/8834242281502.jpg|3
ΠΑΞΙΜΑΔΙΑ ΛΑΔΙΟΥ 750 GR|Στον Καραβά σε ένα από τα πιο γραφικά χωριά των Κυθήρων παρασκευάζονται με μεράκι τα γνήσια παραδοσιακά παξιμάδια Κυθήρων. Παξιμάδια με ελαιόλαδο Κυθήρων, φτιαγμένα με την παραδοσιακή συνταγή που αναδεικνύει το Μεσογειακό τρόπο διατροφής. Τα παξιμάδια λαδιού είνα ιδανικά για κάθε στιγμή της ημέρας. Η ΆλφαΒήτα κοντά στην ελληνική γη.|https://www.ab.gr/medias/sys_master/h54/h5c/8941355302942.jpg|3
ΤΣΟΥΡΕΚΑΚΙ ΚΛΑΣΣΙΚΟ 4 Χ 75 GR|Παραδοσιακό προϊόν ζύμης πολλών χωρών της Κεντρικής & Ανατολικής Ευρώπης. Γεύση: Μαστίχα Χίου.|https://www.ab.gr/medias/sys_master/h12/h92/8925633347614.jpg|3
ΨΩΜΙ ΤΟΣΤ ΨΙΧΑ ΠΟΛΥΣΠΟΡΟ ΟΛΙΚΗΣ ΑΛΕΣΗΣ 480 GR|Το Καραμολέγκος Ψίχατοστ δεν είναι απλά ένα ψωμί χωρίς κόρα. Είναι η ψίχα ενός απολαυστικού ψωμιού. Είναι φτιαγμένο με μία μοναδική συνταγή για να απολαμβάνετε εσείς και η οικογένειά σας το καλύτερο μέρος ενός νόστιμου, μαλακού και αφράτου ψωμιού. Καραμολέγκος Ψίχατοστ, η καρδιά της απόλαυσης.|https://www.ab.gr/medias/sys_master/h31/h2e/8828692758558.jpg|3
ΠΑΞΙΜΑΔΑΚΙΑ ΟΛΙΚΗΣ ΑΛΕΣΗΣ ΧΩΡΙΣ ΠΡΟΣΘΕΤΟ ΑΛΑΤΙ 300 GR||https://www.ab.gr/medias/sys_master/hb8/h4d/8936575631390.jpg|3
ΠΙΤΤΕΣ ΜΙΚΡΕΣ ΓΙΑ ΣΟΥΒΛΑΚΙ 450 GR|Αφράτες πίτες ως την τελευταία.|https://www.ab.gr/medias/sys_master/h40/h03/8910506852382.jpg|3
ΚΡΙΤΣΙΝΙΑ ΟΧΤΑΣΠΟΡΑ 230-250 GR|Με 100% εξαιρετικό παρθένο ελαιόλαδο. Πλούσια σε φυτικές ίνες. Χωρίς ζάχαρη.|https://www.ab.gr/medias/sys_master/h18/h0e/8809096151070.jpg|3
ΜΟΥΣΤΟΚΟΥΛΟΥΡΑ ΜΑΛΑΚΑ 350 GR|Με 100% φυσικό μούστο. Νηστίσιμο προϊόν.|https://www.ab.gr/medias/sys_master/h8e/hee/8836080173086.jpg|3
ΦΡΥΓΑΝΙΕΣ  200 GR|Τα FINN CRISP Original είναι η ναυαρχίδα των προϊόντων της CRISP FINN. Αυτή η κλασική συνταγή ολικής άλεσης με σίκαλη αναπτύχθηκε το 1952 και εξακολουθεί να παραμένει η πιο αγαπημένη γεύση από τους καταναλωτές. Ζυμωμένη με προζύμι η FINN CRISP Original έχει πλούσια γεύση σίκαλης και απίστευτα τραγανή υφή.|https://www.ab.gr/medias/sys_master/h18/hfc/8834427289630.jpg|3
ΠΑΞΙΜΑΔΑΚΙΑ ΣΙΚΑΛΗΣ 400 GR|Με 80% περιεκτικότητα σε αλεύρι σικάλεως ολικής άλεσης, είναι ιδανική πηγή ενέργειας. Με υψηλή περιεκτικότητα σε φυτικές ίνες και με χαμηλά λιπαρά, μπορεί να συνοδεύει άνετα κάθε δίαιτά σας.|https://www.ab.gr/medias/sys_master/h55/h36/8836239097886.jpg|3
ΤΣΟΥΡΕΚΙ ΓΕΜΙΣΗ ΠΡΑΛΙΝΑ 500 GR|Λαχταριστό τσουρέκι που παρασκευάζεται με φροντίδα και αγάπη. Κάθε μέρα για εσάς. Με γέμιση πραλίνα φουντουκιού.|https://www.ab.gr/medias/sys_master/h39/h69/8834621079582.jpg|3
ΠΑΞΙΜΑΔΙΑ ΚΡΙΘΑΡΕΝΙA ΜΕ ΕΛΑΙΟΛΑΔΟ 170 GR|Ζυμωμένα με ελαιόλαδο και αλεύρι ολικής αλέσεως, είναι η υγιεινή επιλογή για κάθε ώρα της ημέρας. Δοκιμάστε τα σκέτα στο γραφείο ή δημιουργήστε το δικό σας απολαυστικό πιάτο.|https://www.ab.gr/medias/sys_master/h0d/h20/8871647477790.jpg|3
ΤΣΟΥΡΕΚΙ ΚΛΑΣΙΚΟ 380 GR||https://www.ab.gr/medias/sys_master/h97/ha2/8903636221982.jpg|3
ΨΩΜΙ ΤΟΣΤ ΣΙΚΑΛΗΣ 360 GR|Ψωμί σίτου με σίκαλη για τοστ.|https://www.ab.gr/medias/sys_master/hc9/hc2/8911865315358.jpg|3
ΛΟΥΚΟΥΜΑΔΕΣ ΛΟΥΚΟΥΜΑΔΕΣ 340 GR|Διαλεχτές συνταγές, από καλή οικογένεια!|https://www.ab.gr/medias/sys_master/hf4/hab/8853997813790.jpg|3
ΠΑΞΙΜΑΔΑΚΙΑ MINI ΚΛΑΣΙΚΗ ΓΕΥΣΗ 160GR|Λεπτοκομμένες, διπλοφουρνιστές ροδέλες από ψωμί σε πολλές, διαφορετικές γεύσεις και mini σχήμα. Γεύση: Κλασσική.|https://www.ab.gr/medias/sys_master/h36/h7a/8835741089822.jpg|3
ΦΡΥΓΑΝΙΕΣ ΣΙΤΟΥ 0,4% ΑΛΑΤΙ 4 Χ 125 GR ΠΡΟΣΦΟΡΑ ΤΟ 1 ΠΑΚΕΤΟ ΔΩΡΟ|Οι κλασικές φρυγανιές Elite σίτου αποτελούν ένα τραγανό και απολαυστικό snack για κάθε στιγμή της ημέρας. Παράγονται από αγνά υλικά και αποτελούν ιδανική λύση για το πρωινό ή συνοδευτικό για κάθε γεύμα σας. Για όλους εσάς που επιλέγετε μια ισορροπημένη διατροφή σε αλάτι και σάκχαρα, απολαύστε τις κλασικές φρυγανιές Elite Σίτου με μόνο 0,4% αλάτι ή Σίκαλης με μόνο 0,7% αλάτι, χωρίς προσθήκη ζάχαρης.|https://www.ab.gr/medias/sys_master/h84/h0f/8910496890910.jpg|3
ΤΣΟΥΡΕΚΑΚΙ ΜΕ ΜΑΣΤΙΧΑ ΧΙΟΥ 300 GR|Λαχταριστά τσουρεκάκια που παρασκευάζονται με φροντίδα και αγάπη. Κάθε μέρα για εσάς. Με μαστίχα Χίου.|https://www.ab.gr/medias/sys_master/hb0/h59/8853998993438.jpg|3
ΨΩΜΙ ΤΟΣΤ ΠΟΛΥΣΠΟΡΟ 360 GR|To 1967 το Κρις Κρις λάνσαρε το πρώτο συσκευασμένο ψωμί τοστ στην Ελλάδα. Από τότε, χάρη στην κλασική αγαπημένη γεύση του αλλά και την ποιότητα που χρόνια εμπιστεύεστε, έχει κερδίσει επάξια τη θέση του στην καρδιά σας! Κλασική γεύση με σίκαλη, ηλιόσπορο, λιναρόσπορο, σουσάμι και παπαρουνόσπορο.|https://www.ab.gr/medias/sys_master/hc4/h24/8913327685662.jpg|3
ΨΩΜΙ ΤΟΣΤ ΣΤΑΡΕΝΙΟ 350 GR|Ψωμί σίτου για τοστ.|https://www.ab.gr/medias/sys_master/h76/h06/8911866232862.jpg|3
ΑΡΤΟΣΚΕΥΑΣΜΑ HAMBURGER 6 ΤΕΜΑΧΙΩΝ 400 GR|Η Καραμολέγκος κάνει τα πάντα για να σας διευκολύνει, γι’ αυτό και τα ψωμάκια της είναι τα μοναδικά προ – κομμένα. Εσείς το μόνο που έχετε να κάνετε είναι να τα γεμίσετε με τη φαντασία σας.|https://www.ab.gr/medias/sys_master/h07/hb4/8834240708638.jpg|3
ΚΟΥΛΟΥΡΙΑ ΑΛΜΥΡΑ ΟΛΙΚΗΣ ΑΛΕΣΗΣ ΧΩΡΙΣ ΖΑΧΑΡΗ 200 GR|Με 100% έξτρα παρθένο ελαιόλαδο. Πλούσια σε διαιτητικές ίνες. Χωρίς ζάχαρη.|https://www.ab.gr/medias/sys_master/h2e/h0c/8835953164318.jpg|3
ΑΡΤΟΣΚΕΥΑΣΜΑ ΚΟΥΛΟΥΡΙ ΘΕΣΣΑΛΟΝΙΚΗΣ ΜΕ ΣΟΥΣΑΜΙ 2 Χ 80 GR|Κουλούρι Θεσσαλονίκης με σουσάμι χωρίς συντηρητικά.|https://www.ab.gr/medias/sys_master/he0/h05/8841009528862.jpg|3
ΠΑΞΙΜΑΔΑΚΙΑ MINI PIZZA 160 GR|Λεπτοκομμένες, διπλοφουρνιστές ροδέλες από ψωμί σε πολλές, διαφορετικές γεύσεις και mini σχήμα. Γεύση: Pizza.|https://www.ab.gr/medias/sys_master/h01/h9d/8835660677150.jpg|3
ΦΡΥΓΑΝΙΕΣ ΣΙΤΟΥ 4/PACK 500 GR|Φρυγανιές σίτου.|https://www.ab.gr/medias/sys_master/hb8/h85/8807952154654.jpg|3
ΚΟΥΛΟΥΡΙΑ ΑΛΜΥΡΑ ΚΑΡΟΤΟΥ ΧΩΡΙΣ ΖΑΧΑΡΗ 200 GR|Με 100% έξτρα παρθένο ελαιόλαδο. Πλούσια σε διαιτητικές ίνες. Χωρίς ζάχαρη.|https://www.ab.gr/medias/sys_master/hcc/h17/8830652383262.jpg|3
ΚΡΙΤΣΙΝΙΑ ΜΑΚΕΔΟΝΙΚΑ 200 GR|Παραδοσιακές συνταγές, αγνά υλικά που ζυμώνονται και παίρνουν σχήμα, σιγοψήνονται και συσκευάζονται αμέσως, για να σας προσφέρουν πάντα τραγανά και νόστιμα κριτσίνια. Γεύση: Μακεδονικά.|https://www.ab.gr/medias/sys_master/h40/ha6/8836294344734.jpg|3
ΚΡΟΥΑΣΑΝ ΚΡΕΜΑ ΚΑΚΑΟ 75 GR|Κρουασάν με γέμιση κρέμα κακάο από την 365.|https://www.ab.gr/medias/sys_master/h62/h2d/8835109519390.jpg|3
ΨΩΜΙ ΤΟΣΤ ΟΛΙΚΗΣ SANDWICH 6 Χ 80 GR||https://www.ab.gr/medias/sys_master/hc0/he8/8920458330142.jpg|3
ΨΩΜΙ ΤΟΣΤ ΣΤΑΡΕΝΙΟ 350 GR|To 1967 το Κρις Κρις λάνσαρε το πρώτο συσκευασμένο ψωμί τοστ στην Ελλάδα. Από τότε, χάρη στην κλασσική αγαπημένη γεύση του αλλά και την ποιότητα που χρόνια εμπιστευόμαστε, έχει κερδίσει επάξια τη θέση του στην καρδιά μας! Κλασσική αγαπημένη γεύση.|https://www.ab.gr/medias/sys_master/hb8/h7c/8910500888606.jpg|3
ΨΩΜΙ ΤΟΣΤ ΣΤΑΡΕΝΙΟ ΜΕ ΣΙΚΑΛΗ 360 GR|To 1967 το Κρις Κρις λάνσαρε το πρώτο συσκευασμένο ψωμί τοστ στην Ελλάδα. Από τότε, χάρη στην κλασσική αγαπημένη γεύση του αλλά και την ποιότητα που χρόνια εμπιστευόμαστε, έχει κερδίσει επάξια τη θέση του στην καρδιά μας! Κλασσική γεύση με την αξία της σίκαλης.|https://www.ab.gr/medias/sys_master/h32/hbf/8846663614494.jpg|3
ΚΡΟΥΤΟΝ ΟΛΙΚΗΣ ΑΛΕΣΗΣ 320 GR|Για μεσογειακή διατροφή κρουτόνια με ολικής άλεσης με φυσικό προζύμι. Η διαφορά είναι στη γεύση!|https://www.ab.gr/medias/sys_master/ha0/he1/8835951394846.jpg|3
ΨΩΜΙ ΤΟΣΤ ΣΤΑΡΕΝΙΟ 720 GR||https://www.ab.gr/medias/sys_master/hcd/h99/8939260051486.jpg|3
COOKIES ΒΡΩΜΗΣ ΜΕ ΜΕΛΙ 380 GR||https://www.ab.gr/medias/sys_master/h18/ha5/8854292168734.jpg|3
ΚΡΟΥΑΣΑΝ MINI ΜΙΛΦΕΙΓ 107 ΓΡ|Mini croissants με διαφορετικές γεμίσεις κρέμας ή μαρμελάδας  Κρέμα: Millefeuille.|https://www.ab.gr/medias/sys_master/h06/h20/8841129721886.jpg|3
ΚΡΙΤΣΙΝΙΑ ΣΟΥΣΑΜΙ 130 GR|Παραδοσιακές συνταγές, αγνά υλικά που ζυμώνονται και παίρνουν σχήμα, σιγοψήνονται και συσκευάζονται αμέσως, για να σας προσφέρουν πάντα τραγανά και νόστιμα κριτσίνια. Γεύση: Σουσάμι.|https://www.ab.gr/medias/sys_master/h7e/h1b/8834388361246.jpg|3
ΑΡΤΟΠΑΡΑΣΚΕΥΑΣΜΑ ΚΑΡΒΕΛΙ ΧΩΡΙΑΤΙΚΟ ΧΕΙΡΟΠΟΙΗΤΟ 350 GR|Ψωμί μαργαρίτα χωρίς συντηρητικά.|https://www.ab.gr/medias/sys_master/hd2/h77/8845314687006.jpg|3
ΚΡΟΥΑΣΑΝ ΠΡΑΛΙΝΑ 300 GR|Λαχταριστά κρουασανάκια που παρασκευάζονται με φροντίδα και αγάπη. Κάθε μέρα για εσάς. Με πραλίνα φουντουκιού.|https://www.ab.gr/medias/sys_master/ha8/hd1/8853998403614.jpg|3
ΠΑΞΙΜΑΔΙΑ ΜΕ ΚΡΙΘΑΡΙ ΟΛΙΚΗΣ ΑΛΕΣΗΣ 400 GR||https://www.ab.gr/medias/sys_master/h20/h63/8925338107934.jpg|3
ΦΡΥΓΑΝΙΕΣ ΣΙΤΟΥ 250 GR|Οι φρυγανιές Βοσινάκη αποτελούν την ιδανική επιλογή για ένα ελαφρύ γεύμα. Η μοναδική, προστατευτική τους συσκευασία σε αλουμινόχαρτο τις διατηρεί, ακόμα και όταν ανοιχτούν τραγανές και γευστικές.|https://www.ab.gr/medias/sys_master/hb8/h93/8838623035422.jpg|3
ΚΡΟΥΑΣΑΝ ΓΕΜΙΣΗ ΒΕΡΙΚΟΚΟ 3 Χ 70 GR|7DAYS  ΚΡΟΥΑΣΑΝ|https://www.ab.gr/medias/sys_master/h7d/h90/8853994078238.jpg|3
ΚΡΟΥΑΣΑΝ ΚΑΚΑΟ 5 X 37 GR|Mini croissants με διαφορετικές γεμίσεις κρέμας ή μαρμελάδας  Κρέμα: κακάο.|https://www.ab.gr/medias/sys_master/h97/h27/8833107066910.jpg|3
ΠΑΞΙΜΑΔΑΚΙΑ ΜΕ ΣΟΥΣΑΜΙ 200 GR|Αφράτα, νόστιμα, τραγανά και υγιεινά τα Kripsies είναι η τέλεια λύση για κάθε ώρα της ημέρας. Παρασκευάζονται με παραδοσιακή συνταγή και με αγνά υλικά και αποτελούν γευστική πρόταση για κάθε στιγμή. Δοκιμάστε τα με γιαούρτι και μέλι, με τυριά της επιλογής σας, μαζί με τη σαλάτα σας στο σπίτι ή στο γραφείο. Βουτήξτε τα σε λαχταριστά ντιπ ή ακόμη αλείψτε τα με τα αγαπημένα σας υλικά. Γεύση: Με σουσάμι.|https://www.ab.gr/medias/sys_master/haa/haa/8836308303902.jpg|3
ΦΡΥΓΑΝΙΕΣ ORIGINAL 275 GR|Φρυγανιές με αλεύρι σίκαλης.|https://www.ab.gr/medias/sys_master/had/ha2/8920438865950.jpg|3
ΚΡΟΥΑΣΑΝ ΠΡΑΛΙΝΑ 180 GR|Το αγαπημένο σας croissant με πλούσια γέμιση πραλίνας φουντουκιού. Απολαύστε τη λαχταριστή γεύση του όποτε θέλετε μέσα στην ημέρα.|https://www.ab.gr/medias/sys_master/h1b/h74/8833640792094.jpg|3
ΑΡΤΟΠΑΡΑΣΚΕΥΑΣΜΑ ΟΛΙΚΗΣ ΑΛΕΣΗΣ ΜΕ ΠΡΟΖΥΜΙ ΣΕ ΦΕΤΕΣ 750 GR|Προζυμένιο ολικής άλεσης σε φέτες. Αρτοπαρασκεύασμα χωρίς συντηρητικά.|https://www.ab.gr/medias/sys_master/h8c/h81/8845318422558.jpg|3
ΠΑΞΙΜΑΔΑΚΙΑ MINI ΝΤΟΜΑΤΑ ΚΑΙ ΕΛΙΑ 160 GR|Λεπτοκομμένες, διπλοφουρνιστές ροδέλες από ψωμί σε πολλές, διαφορετικές γεύσεις και mini σχήμα. Γεύση: Ντομάτα -Ελιά.|https://www.ab.gr/medias/sys_master/h23/h54/8835710418974.jpg|3
ΑΡΤΟΠΑΡΑΣΚΕΥΑΣΜΑ ΒΙΟΛΟΓΙΚΟ ΚΑΡΒΕΛΙ ΟΛΙΚΗΣ ΑΛΕΣΗΣ ΣΕ ΦΕΤΕΣ 850 GR|Αρτοπαρασκεύασμα βιολογικής γεωργίας ολικής άλεσης με προζύμι σε φέτες.|https://www.ab.gr/medias/sys_master/h72/h7f/8845312688158.jpg|3
ΚΡΙΤΣΙΝΙΑ TORINESI 125 GR|Κριτσίνια με φοινικέλαιο.|https://www.ab.gr/medias/sys_master/h50/ha3/8834428272670.jpg|3
ΨΩΜΑΚΙΑ BURGERS 400 GR||https://www.ab.gr/medias/sys_master/hf4/hef/8937908305950.jpg|3
ΚΟΥΛΟΥΡΙΑ ΑΛΜΥΡΑ 4 ΤΥΡΙΑ ΧΩΡΙΣ ΖΑΧΑΡΗ 200 GR|Με 100% έξτρα παρθένο ελαιόλαδο. Πλούσια σε διαιτητικές ίνες. Χωρίς ζάχαρη.|https://www.ab.gr/medias/sys_master/h08/h8a/8835926229022.jpg|3
ΠΑΞΙΜΑΔΑΚΙΑ ΟΛΙΚΗΣ ΑΛΕΣΗΣ 200 GR|Αφράτα, νόστιμα, τραγανά και υγιεινά τα Kripsies είναι η τέλεια λύση για κάθε ώρα της ημέρας. Παρασκευάζονται με παραδοσιακή συνταγή και με αγνά υλικά και αποτελούν γευστική πρόταση για κάθε στιγμή. Δοκιμάστε τα με γιαούρτι και μέλι, με τυριά της επιλογής σας, μαζί με τη σαλάτα σας στο σπίτι ή στο γραφείο. Βουτήξτε τα σε λαχταριστά ντιπ ή ακόμη αλείψτε τα με τα αγαπημένα σας υλικά. Γεύση: Ολικής άλεσης.|https://www.ab.gr/medias/sys_master/ha7/h33/8828738568222.jpg|3
ΨΩΜΑΚΙΑ HAMBURGER 480 GR||https://www.ab.gr/medias/sys_master/hd2/h44/8937886154782.jpg|3
ΚΕΪΚ ΦΕΤΑ ΑΝΑΜΙΚΤΟ 80 GR|Λαχταριστό κέικ που παρασκευάζεται με φροντίδα και αγάπη. Κάθε μέρα για εσάς. Ανάμικτο.|https://www.ab.gr/medias/sys_master/ha4/hd8/8808647753758.jpg|3
ΚΡΙΤΣΙΝΙΑ 4 ΔΗΜΗΤΡΙΑΚΑ ΟΛΙΚΗΣ ΑΛΕΣΗΣ 140 GR|Παραδοσιακές συνταγές, αγνά υλικά που ζυμώνονται και παίρνουν σχήμα, σιγοψήνονται και συσκευάζονται αμέσως, για να σας προσφέρουν πάντα τραγανά και νόστιμα κριτσίνια. Γεύση: 4 Δημητριακά Ολικής Άλεσης.|https://www.ab.gr/medias/sys_master/h68/h35/8809425928222.jpg|3
ΤΣΟΥΡΕΚΙ ΠΟΛΙΤΙΚΟ 450 GR|Το πολίτικο τσουρέκι Καραμολέγκος είναι από εκείνες τις συνταγές που κουβαλάνε αναρίθμητες μνήμες και αποτελούν κομμάτι της οικογενειακής μας παράδοσης. Φτιάχνετε με μαστίχα και μαχλέπι που του χαρίζουν αυθεντική γεύση και υφή.|https://www.ab.gr/medias/sys_master/hd0/he7/8836231036958.jpg|3
ΦΡΥΓΑΝΙΕΣ ΣΙΤΟΥ 500 GR ΠΡΟΣΦΟΡΑ 3 ΣΥΝ 1 ΔΩΡΟ|Οι φρυγανιές Forma αποτελούν την οικονομική επιλογή για ένα γευστικό πρωινό ή ένα ελαφρύ γεύμα.|https://www.ab.gr/medias/sys_master/h61/h62/8847277916190.jpg|3
ΚΟΥΛΟΥΡΙΑ ΓΛΥΚΑ ΛΑΔΟΚΟΥΛΟΥΡΑ 290 GR|Λαδοκούλουρο με παραδοσιακή συνταγή και φτιαγμένα στο χέρι. Γλυκιά γεύση με υπέροχα αρώματα, χάρη στα συστατικά του. Ζυμωμένο με ελαιόλαδο, χυμό πορτοκαλιού, χυμό σταφυλιού, κανέλα και σουσάμι. Ταιριάζει με οποιοδήποτε ζεστό ρόφημα και στιγμές χαλάρωσης.|https://www.ab.gr/medias/sys_master/h18/h0a/8836333469726.jpg|3
ΦΡΥΓΑΝΙΕΣ ΟΛΙΚΗΣ ΑΛΕΣΗΣ 180 GR|Οι κλασικές φρυγανιές Elite ολικής άλεσης αποτελούν ένα τραγανό και απολαυστικό snack για κάθε στιγμή της ημέρας. Παράγονται από αγνά υλικά και αποτελούν ιδανική λύση για το πρωινό ή συνοδευτικό για κάθε γεύμα σας. Για όλους εσάς που επιλέγετε μια ισορροπημένη διατροφή σε αλάτι και σάκχαρα, απολαύστε τις κλασικές φρυγανιές Elite Σίτου με μόνο 0,4% αλάτι ή Σίκαλης με μόνο 0,7% αλάτι, χωρίς προσθήκη ζάχαρης.|https://www.ab.gr/medias/sys_master/h89/hc4/8835016523806.jpg|3
ΠΙΤΤΕΣ TORTILLAS ΟΛΙΚΗΣ ΑΛΕΣΗΣ 350 GR|Μαλακές πίττες τορτίγιας ολικής άλεσης γίνονται από φρέσκες μπάλες ζύμης και ψήνονται στο φούρνο μέχρι να είναι ωραίες και τραγανές.|https://www.ab.gr/medias/sys_master/h1f/hb6/8836282351646.jpg|3
ΤΡΙΜΜΑ ΦΡΥΓΑΝΙΑΣ ΤΡΙΜΜΑ 180 GR||https://www.ab.gr/medias/sys_master/h5d/h5f/8870092177438.jpg|3
ΚΡΙΤΣΙΝΙΑ ΣΤΑΡΕΝΙΟ 300 GR|Κριτσίνια σίτου με σουσάμι.|https://www.ab.gr/medias/sys_master/h53/hcf/8839908556830.jpg|3
ΚΡΟΥΑΣΑΝ ΜΙΝΙ ΚΑΚΑΟ 300 ΓΡ|Mini croissants με διαφορετικές γεμίσεις κρέμας ή μαρμελάδας  Κρέμα: κακάο.|https://www.ab.gr/medias/sys_master/hca/hfa/8841117728798.jpg|3
ΠΑΞΙΜΑΔΙ ΚΡΙΘΑΡΑΚΙ ΧΩΡΙΣ ΑΛΑΤΙ 400 GR|Ο «Φούρνος του Χατζή» είναι μια παραδοσιακή Κρητική βιοτεχνία με ιστορία απο το 1818. Παράγει μοναδικά προιόντα φτιαγμένα με αγνά κρητικά υλικά (κρητικό ελαιόλαδο, κριθάρι, σίκαλη, κλπ.) και πολύ μεράκι. Όλα τα προιόντα είναι φυσικά, χωρίς συντηρητικά και χημικά πρόσθετα, ιδανικά για μια υγιεινή και ιδιαιτέρως γευστική διατροφή.|https://www.ab.gr/medias/sys_master/hf7/hcf/8841023488030.jpg|3
ΦΡΥΓΑΝΙΕΣ ME ΣΟΥΣΑΜΙ 167 GR||https://www.ab.gr/medias/sys_master/h60/h6a/8917698904094.jpg|3
ΠΑΞΙΜΑΔΑΚΙΑ ΚΡΙΘΑΡΕΝΙΑ ΑΦΡΑΤΑ ΜΕ ΠΡΟΖΥΜΙ 300 GR||https://www.ab.gr/medias/sys_master/hab/h93/8871216218142.jpg|3
ΣΤΡΟΥΝΤΕΛ ΜΗΛΟ ΚΑΙ ΚΑΝΕΛΑ 85 GR|Προϊόν ζύμης από τέσσερα δημητριακά με διαφορετικές γεμίσεις κρέμας ή μαρμελάδας. Γέμιση: Μαρμελάδα μήλο και κανέλα|https://www.ab.gr/medias/sys_master/ha2/hde/8830172856350.jpg|3
ΦΡΥΓΑΝΙΕΣ HI FIBRE 200 GR|Οι φρυγανιές αυτές δίνουν μια ισχυρή ώθηση ινών για να περάσετε την ημέρα. Το νόστιμο πολύσπορο ψωμί τύπου φρυγανιάς σίκαλη επικαλύπτεται με σίκαλη και περιέχει ένα ποσοστό 20% ινών.|https://www.ab.gr/medias/sys_master/h25/hf2/8941688913950.jpg|3
ΚΑΡΑΜΟΛΕΓΚΟΣ ΨΩΜΙ ΦΕΤΕΣ ΟΚΤΑΣΠΟΡΟ 500ΓΡ||https://www.ab.gr/medias/sys_master/h65/h4d/8932239704094.jpg|3
ΚΡΙΤΣΙΝΙΑ PRETZEL ΤΥΡΙΟΥ 250 GR|Παρασκευάζονται με χειροποίητο τρόπο|https://www.ab.gr/medias/sys_master/hf9/h56/8859354038302.jpg|3
ΚΡΙΤΣΙΝΙΑ ΠΟΛΥΣΠΟΡΑ ΚΑΛΑΜΠΟΚΙΟΥ 250 GR|Το προϊόν αυτό χαρίζει υγεία και ευεξία όλη μέρα χάρη στις φυτικές ίνες που περιέχει. Τρώγεται ευχάριστα με το πρωινό σας, στο γραφείο σαν σνακ αλλά και οποιαδήποτε στιγμή νιώθετε πείνα, χωρίς να νιώθετε ενοχές!|https://www.ab.gr/medias/sys_master/hc8/h9f/8880394731550.jpg|3
ΚΡΟΥΑΣΑΝ ΚΕΡΑΣΙ 75 GR|Κρουασάν με γέμιση γεύση κεράσι από την 365.|https://www.ab.gr/medias/sys_master/hc1/h1e/8925631184926.jpg|3
ΚΡΟΥΤΟΝ ΤΟΜΑΤΑ ΠΑΠΡΙΚΑ 160 GR|Για μεσογειακή διατροφή κρουτόνια με τομάτα και πάπρικα. Η διαφορά είναι στη γεύση!|https://www.ab.gr/medias/sys_master/h12/h50/8838224969758.jpg|3
ΑΡΤΟΣΚΕΥΑΣΜΑ HOT DOG 6 ΤΕΜΑΧΙΩΝ 330 GR|Γευστικά ψωμάκια που παρασκευάζονται με φροντίδα και αγάπη. Κάθε μέρα για εσάς.|https://www.ab.gr/medias/sys_master/h59/h83/8834627567646.jpg|3
ΚΡΙΤΣΙΝΙΑ ΟΛΙΚΗΣ ΑΛΕΣΗΣ 230-250 GR|Με 100% εξαιρετικό παρθένο ελαιόλαδο. Πλούσια σε φυτικές ίνες. Χωρίς ζάχαρη.|https://www.ab.gr/medias/sys_master/hfa/h0d/8809095168030.jpg|3
ΠΑΞΙΜΑΔΑΚΙΑ ΣΤΑΡΕΝΙΑ ΜΕ ΕΛΑΙΟΛΑΔΟ 150 GR|Ζυμωμένα με ελαιόλαδο και αλεύρι ολικής αλέσεως, είναι η υγιεινή επιλογή για κάθε ώρα της ημέρας. Δοκιμάστε τα σκέτα στο γραφείο ή δημιουργήστε το δικό σας απολαυστικό πιάτο.|https://www.ab.gr/medias/sys_master/he3/h87/8871648264222.jpg|3
ΠΑΞΙΜΑΔΙΑ ΚΡΙΘΑΡΕΝΙΑ ΜΕ ΧΑΡΟΥΠΙ 400 GR||https://www.ab.gr/medias/sys_master/h40/hfe/8896347275294.jpg|3
ΠΑΞΙΜΑΔΙΑ ΟΛΙΚΗΣ ΜΕ ΔΗΜΗΤΡΙΑΚΑ ΚΑΙ ΧΑΡΟΥΠΙ 350 GR||https://www.ab.gr/medias/sys_master/hc4/h06/8930726969374.jpg|3
ΦΡΥΓΑΝΙΕΣ ΣΙΚΑΛΗΣ 0,7% ΑΛΑΤΙ 4 Χ 90 GR ΠΡΟΣΦΟΡΑ ΤΟ 1 ΠΑΚΕΤΟ ΔΩΡΟ|Οι κλασικές φρυγανιές Elite σίκαλης αποτελούν ένα τραγανό και απολαυστικό snack για κάθε στιγμή της ημέρας. Παράγονται από αγνά υλικά και αποτελούν ιδανική λύση για το πρωινό ή συνοδευτικό για κάθε γεύμα σας. Για όλους εσάς που επιλέγετε μια ισορροπημένη διατροφή σε αλάτι και σάκχαρα, απολαύστε τις κλασικές φρυγανιές Elite Σίτου με μόνο 0,4% αλάτι ή Σίκαλης με μόνο 0,7% αλάτι, χωρίς προσθήκη ζάχαρης.|https://www.ab.gr/medias/sys_master/hb5/hcb/8941687668766.jpg|3
ΦΡΥΓΑΝΙΕΣ ΣΤΑΡΕΝΙΑ ΣΤΡΟΓΓΥΛΗ 100 GR|Οι στρογγυλές φρυγανιές Elite Status Σίτου και Status με 5 δημητριακά είναι αφράτες, τραγανές με ελαφριά γεύση και συμπληρώνουν ιδανικά το πρωινό σας ή τρώγονται σαν snack οποιαδήποτε στιγμή της ημέρας.|https://www.ab.gr/medias/sys_master/hd5/h76/8814269726750.jpg|3
ΚΡΙΤΣΙΝΙΑ ΚΑΛΑΜΠΟΚΙΟΥ 230 GR|Με 100% εξαιρετικό παρθένο ελαιόλαδο. Πηγή φυτικών ινών. Χωρίς ζάχαρη.|https://www.ab.gr/medias/sys_master/hc7/h1d/8835570040862.jpg|3
ΝΤΑΚΟΣ ΚΡΙΘΑΡΕΝΙΟΣ 600 GR|Ο περίφημος κρητικός ντάκος, φτιάχτηκε για κεράσματα γάμου στον Πλάτανο Κισσάμου πριν πολλά χρόνια. Η μητέρα της νύφης έπλαθε στρογγυλό ζυμάρι, το έκοβε σε φέτες και το έψηνε στον ξυλόφουρνο. Από τότε πλάθεται στο χέρι και διπλοφουρνίζεται για να είναι τραγανός. Η ΆλφαΒήτα κοντά στην ελληνική γη.|https://www.ab.gr/medias/sys_master/h8d/h4e/8941341343774.jpg|3
ΠΙΤΑ ΦΡΕΣΚΙΑ PREMIUM 670GR|Πίτα Premium! Η πιο αφράτη πίτα! Ζυμωμένη με υγιεινά υλικά και τη μοναδική συνταγή ELVIART! Φρέσκια πίτα κάθε μέρα!|https://www.ab.gr/medias/sys_master/h38/h8b/8847272017950.jpg|3
ΚΟΥΛΟΥΡΙΑ ΓΛΥΚΑ ΜΟΥΣΤΟΚΟΥΛΟΥΡΑ ΣΤΑΦΥΔΑ ΚΑΡΥΔΙ 300 GR|Αυθεντικά μουστοκούλουρα Μαρκόπουλου. Με 100% φυσικό μούστο. Προϊόν νηστίσιμο.|https://www.ab.gr/medias/sys_master/h94/h20/8809251209246.jpg|3
ΠΑΞΙΜΑΔΙΑ ΜΠΟΥΚΙΕΣ ΕΠΤΑΖΥΜΕΣ ΚΡΙΘΙΝΕΣ 400 GR||https://www.ab.gr/medias/sys_master/h93/h73/8880389226526.jpg|3
ΠΑΞΙΜΑΔΙΑ ΤΥΠΟΥ ΚΥΘΗΡΩΝ 350 GR|Παραδοσιακή συνταγή. Χωρίς συντηρητικά. Παρασκευάζονται στην Κρήτη με αγνές Κρητικές πρώτες ύλες.|https://www.ab.gr/medias/sys_master/h5a/h0b/8830547984414.jpg|3
ΤΣΟΥΡΕΚΑΚΙ ΠΡΑΛΙΝΑ 360 GR|Λαχταριστά τσουρεκάκια που παρασκευάζονται με φροντίδα και αγάπη. Κάθε μέρα για εσάς. Με γέμιση πραλίνα φουντουκιού.|https://www.ab.gr/medias/sys_master/h1b/h5e/8854000566302.jpg|3
KEIK BAR ΚΑΚΑΟ 5 X 30 GR|Με επικάλυψη σοκολάτας και γέμιση κρέμα κακάο.|https://www.ab.gr/medias/sys_master/hfc/hc5/8910497808414.jpg|3
ΚΡΙΤΣΙΝΙΑ ΜΕ ΣΟΥΣΑΜΙ 230-250 GR|Με 100% εξαιρετικό παρθένο ελαιόλαδο. Πλούσια σε φυτικές ίνες.|https://www.ab.gr/medias/sys_master/h2c/h0e/8809096806430.jpg|3
ΠAΞIMAΔIA ΟΛΙΚΗΣ ΑΛΕΣΗΣ 600 GR|Παξιμάδια φτιαγμένα από διαλεχτά σιτάρια που καλλιεργούνται στη Λήμνο και αλέθονται χωρίς προσθήκη συντηρητικών ή βελτιωτικών σε παραδοσιακούς μύλους του νησιού. Η ΆλφαΒήτα κοντά στην ελληνική γη.|https://www.ab.gr/medias/sys_master/h58/h6a/8941357137950.jpg|3
ΦΡΥΓΑΝΙΕΣ ΣΙΤΟΥ 255 GR|Ολόφρεσκες, καλοψημένες, τραγανές φρυγανιές, στην εύχρηστη συσκευασία των fresh packs δίνουν ξεχωριστή γεύση σε κάθε γεύμα της ημέρας. Απολαύστε τις σε τρείς γεύσεις: Σίτου, με Σίκαλη, με αλεύρι ολικής άλεσης.|https://www.ab.gr/medias/sys_master/h6e/hd5/8834441052190.jpg|3
ΨΩΜΙ ΤΟΣΤ ΠΟΛΥΣΠΟΡΟ ΓΕΥΣΗ2 380 GR|Πόση γεύση μπορεί να κρύβει μία τετράγωνη φέτα του τοστ; Περισσότερη από όση φαντάζεστε! «Γεύση2» , το αφράτο και νόστιμο ψωμί του τοστ το οποίο χάρις στον καινοτόμο για τα ελληνικά δεδομένα τρόπο παρασκευής και συσκευασίας του, στο φυσικό προζύμι που χρησιμοποιείται αλλά και σε κάποια ακόμη φυσικά συστατικά του όπως το αλεύρι φάβας και το ξύδι, διατηρείται αφράτο και μαλακό εκτός ψυγείου. Περισσότερη νοστιμιά, περισσότερη γεύση σε ένα ψωμί που φτιάχτηκε για… απόλαυση στο τετράγωνο.|https://www.ab.gr/medias/sys_master/he5/h3b/8913323360286.jpg|3
ΚΟΥΛΟΥΡΙΑ ΓΛΥΚΑ ΒΟΥΤΥΡΟΥ 330 GR|Κουλούρια βουτύρου.|https://www.ab.gr/medias/sys_master/he5/h61/8834348253214.jpg|3
ΚΡΙΤΣΙΝΙΑ ΜΑΚΕΔΟΝΙΚΑ ΟΛΙΚΗΣ ΑΛΕΣΗΣ 200 GR|ΠΑΠΑΔΟΠΟΥΛΟΥ  ΚΡΙΤΣΙΝΙΑ ΜΑΚΕΔΟΝΙΚΑ ΟΛΙΚΗΣ ΑΛΕΣΗΣ 200GR|https://www.ab.gr/medias/sys_master/h6b/h71/8880395911198.jpg|3
ΚΡΙΤΣΙΝΙΑ ΜΕ ΗΛΙΟΣΠΟΡΟΥΣ 300ΓΡ||https://www.ab.gr/medias/sys_master/hbb/h53/8920448499742.jpg|3
KΡΟΥΑΣΑΝ ΜΙΝΙ ΚΑΚΑΟ 170 ΓΡ|Mini croissants με διαφορετικές γεμίσεις κρέμας ή μαρμελάδας  Κρέμα: κακάο.|https://www.ab.gr/medias/sys_master/h69/hc3/8841276653598.jpg|3
ΚΟΥΛΟΥΡΙΑ ΓΛΥΚΑ ΚΑΝΕΛΑΣ 330 GR|Κουλούρια κανέλας.|https://www.ab.gr/medias/sys_master/h57/h90/8834350612510.jpg|3
ΚΡΙΤΣΙΝΙΑ ΜΠΟΥΚΙΕΣ ΣΤΑΡΕΝΙΕΣ 100 GR|Κριτσινάκια σίτου με σουσάμι.|https://www.ab.gr/medias/sys_master/hdd/h56/8839976189982.jpg|3
ΚΡΟΥΑΣΑΝ ΒΕΡΙΚΟΚΟ 75 GR|Κρουασάν με γέμιση γεύση βερίκοκο από την 365.|https://www.ab.gr/medias/sys_master/h26/h93/8925643571230.jpg|3
ΨΩΜΙ ΤΟΣΤ ΣΙΤΟΥ ΓΕΥΣΗ2 350 GR|Πόση γεύση μπορεί να κρύβει μία τετράγωνη φέτα του τοστ; Περισσότερη από όση φαντάζεστε! «Γεύση2» , το αφράτο και νόστιμο ψωμί του τοστ το οποίο χάρις στον καινοτόμο για τα ελληνικά δεδομένα τρόπο παρασκευής και συσκευασίας του, στο φυσικό προζύμι που χρησιμοποιείται αλλά και σε κάποια ακόμη φυσικά συστατικά του όπως το αλεύρι φάβας και το ξύδι, διατηρείται αφράτο και μαλακό εκτός ψυγείου. Περισσότερη νοστιμιά, περισσότερη γεύση σε ένα ψωμί που φτιάχτηκε για… απόλαυση στο τετράγωνο.|https://www.ab.gr/medias/sys_master/hf9/hbe/8913331814430.jpg|3
ΚΡΙΤΣΙΝΙΑ ΜΠΟΥΚΙΕΣ ΟΛΙΚΗΣ ΑΛΕΣΗΣ 100 GR|Κριτσινάκια ολικής άλεσης με σουσάμι.|https://www.ab.gr/medias/sys_master/hc7/hbf/8839962820638.jpg|3
ΚΡΙΤΣΙΝΙΑ ΠΟΛΥΣΠΟΡΑ ΟΛΙΚΗΣ ΑΛΕΣΗΣ 250 GR||https://www.ab.gr/medias/sys_master/h1b/hb9/8935633584158.jpg|3
ΜΟΥΣΤΟΚΟΥΛΟΥΡΑ  300 GR|Αυθεντικά μουστοκούλουρα Μαρκόπουλου. Με 100% φυσικό μούστο. Προϊόν νηστίσιμο.|https://www.ab.gr/medias/sys_master/h27/hd9/8836223565854.jpg|3
ΠΑΞΙΜΑΔΑΚΙΑ ΣΙΤΟΥ 200 GR|Αφράτα, νόστιμα, τραγανά και υγιεινά τα Kripsies είναι η τέλεια λύση για κάθε ώρα της ημέρας. Παρασκευάζονται με παραδοσιακή συνταγή και με αγνά υλικά και αποτελούν γευστική πρόταση για κάθε στιγμή. Δοκιμάστε τα με γιαούρτι και μέλι, με τυριά της επιλογής σας, μαζί με τη σαλάτα σας στο σπίτι ή στο γραφείο. Βουτήξτε τα σε λαχταριστά ντιπ ή ακόμη αλείψτε τα με τα αγαπημένα σας υλικά. Γεύση: Σίτου.|https://www.ab.gr/medias/sys_master/ha0/hff/8880393748510.jpg|3
ΠΑΞΙΜΑΔΙΑ ΚΡΙΘΑΡΟΚΟΥΛΟΥΡΑ 600Γ||https://www.ab.gr/medias/sys_master/h9b/h10/8930713141278.jpg|3
ΠΙΤΤΕΣ ΤΟΣΤ 400 GR|Πάνω-κάτω νοστιμιά!|https://www.ab.gr/medias/sys_master/h27/he6/8855094919198.jpg|3
ΦΡΥΓΑΝΙΕΣ ΣΤΡΟΓΓΥΛΕΣ 125 GR|Στρογγυλές φρυγανιές από την 365.|https://www.ab.gr/medias/sys_master/h72/h63/8838196461598.jpg|3
ΨΩΜΙ ΤΟΣΤ ΚΙΝΟΑ ΛΙΝΑΡΟΣΠΟΡΟ 370 GR||https://www.ab.gr/medias/sys_master/h88/he9/8939259133982.jpg|3
CAKE BAR CHOCO HEART 175 GR|Μοναδικά αφράτο κέικ με λαχταριστά κομματάκια σοκολάτας γάλακτος και καρδιά από ρευστή σοκολάτας γάλακτος.|https://www.ab.gr/medias/sys_master/h1b/h52/8833398308894.jpg|3
ΚΟΥΛΟΥΡΙΑ ΜΟΥΣΤΟΥ ΑΦΡΑΤΑ 400 GR|Μαλακά κουλούρια μούστου.|https://www.ab.gr/medias/sys_master/hea/h04/8809019146270.jpg|3
ΜΟΥΣΤΟΚΟΥΛΟΥΡΑ ΠΑΡΑΔΟΣΙΑΚΑ 350 GR|Αυθεντικά μουστοκούλουρα Μαρκόπουλου. Με 100% φυσικό μούστο. Προϊόν νηστίσιμο.|https://www.ab.gr/medias/sys_master/h14/h0d/8809087631390.jpg|3
ΠΤΙ ΦΟΥΡ ΤΡΟΥΦΑ 350 GR|Τα κλασσικά μας πτιφουρ με τρούφα συνοδεύουν πάντα την παρέα σε ένα απογευματινό καφεδάκι.|https://www.ab.gr/medias/sys_master/h56/ha1/8835974594590.jpg|3
ΧΑΤΖΗΣ ΠΑΞΙΜΑΔΙ ΚΡΙΘΑΡΑΚΙ 400 GR|Ο «Φούρνος του Χατζή» είναι μια παραδοσιακή Κρητική βιοτεχνία με ιστορία απο το 1818. Παράγει μοναδικά προιόντα φτιαγμένα με αγνά κρητικά υλικά (κρητικό ελαιόλαδο, κριθάρι, σίκαλη, κλπ.) και πολύ μεράκι. Όλα τα προιόντα είναι φυσικά, χωρίς συντηρητικά και χημικά πρόσθετα, ιδανικά για μια υγιεινή και ιδιαιτέρως γευστική διατροφή.|https://www.ab.gr/medias/sys_master/hcf/h10/8841275080734.jpg|3
ΨΩΜΙ ΤΟΣΤ ΣΤΑΡΕΝΙΟ 900 GR||https://www.ab.gr/medias/sys_master/h25/hd7/8939257888798.jpg|3
ΑΡΤΟΠΑΡΑΣΚΕΥΑΣΜΑ ΒΙΟΛΟΓΙΚΟ ΚΑΡΒΕΛΙ ΚΡΗΤΙΚΟ ΣΕ ΦΕΤΕΣ 825 GR|Αρτοπαρασκεύασμα βιολογικής γεωργίας κρητικό με σιτάρι ολικής και προζύμι σε φέτες.|https://www.ab.gr/medias/sys_master/h87/hbe/8845318815774.jpg|3
ΑΡΤΟΠΑΡΑΣΚΕΥΑΣΜΑ ΒΙΟΛΟΓΙΚΟ ΣΙΤΟΥ ΣΕ ΦΕΤΕΣ 430 GR|Βιο τοστ, λευκό αρτοπαρασκεύασμα με προζύμι σε φέτες.|https://www.ab.gr/medias/sys_master/h20/h62/8834599845918.jpg|3
ΑΡΤΟΣΚΕΥΑΣΜΑ PROTEIN ΣΙΚΑΛΗ 250 GR|Ψωμί σικάλεως πλούσιο σε πρωτεΐνες και χαμηλό σε υδατάνθρακες.|https://www.ab.gr/medias/sys_master/hdb/hc0/8839983661086.jpg|3
ΚΕΪΚ ΦΕΤΑ ΠΟΡΤΟΚΑΛΙ 80 GR|Διαλεκτές συνταγές από καλή οικογένεια. Φέτα κέικ πορτοκάλι.|https://www.ab.gr/medias/sys_master/h7b/h9b/8834746122270.jpg|3
ΚΟΥΛΟΥΡΙΑ ΓΛΥΚΑ ΜΟΥΣΤΟΚΟΥΛΟΥΡΑ 330 GR|Κουλούρια μούστου.|https://www.ab.gr/medias/sys_master/hea/h8b/8834346483742.jpg|3
ΤΣΟΥΡΕΚΑΚΙ ΚΛΑΣΣΙΚΟ 75 GR|Παραδοσιακό προϊόν ζύμης πολλών χωρών της Κεντρικής & Ανατολικής Ευρώπης. Γεύση: Μαστίχα Χίου|https://www.ab.gr/medias/sys_master/h8c/hd4/8925655891998.jpg|3
ΑΡΤΟΠΑΡΑΣΚΕΥΑΣΜΑ DINKEL ΧΑΜΗΛΟΥ ΓΛΥΚΑΙΜΙΚΟΥ ΔΕΙΚΤΗ 350 GR|Ψωμί Dinkel χαμηλού γλυκαιμικού δείκτη χωρίς συντηρητικά.|https://www.ab.gr/medias/sys_master/h87/ha2/8841011101726.jpg|3
ΚΑΡΑΜΟΛΕΓΚΟΣ ΨΩΜΙ ΦΕΤΕΣ 100% ΟΛ 500Γ||https://www.ab.gr/medias/sys_master/hbf/h8a/8932238458910.jpg|3
ΚΕΙΚ ΠΟΡΤΟΚΑΛΙ 400 GR||https://www.ab.gr/medias/sys_master/h63/h7f/8880387260446.jpg|3
ΚΡΙΤΣINIA ΠΟΛΥΣΠΟΡΑ 185 GR||https://www.ab.gr/medias/sys_master/he0/hf9/8935452573726.jpg|3
ΑΡΤΟΠΑΡΑΣΚΕΥΑΣΜΑ ΜΠΑΓΚΕΤΑ ΓΑΛΛΙΚΗ 280 GR|Γαλλική μπαγκέτα χωρίς συντηρητικά.|https://www.ab.gr/medias/sys_master/h18/hb6/8835766255646.jpg|3
ΑΡΤΟΣΚΕΥΑΣΜΑ ΜΠΡΙΟΣ 3 Χ 50 GR|Μπριός χωρίς συντηρητικά.|https://www.ab.gr/medias/sys_master/hd2/h10/8836051075102.jpg|3
ΚΟΥΛΟΥΡΙΑ ΓΛΥΚΑ ΚΑΛΟΡΙΖΙΚΑ ΑΜΥΓΔΑΛΟΥ 250 GR|Μυρωδάτες χειροποίητες μπουκιές, ψημένο στάρι και κρητικό ελαιόλαδο. Δοκιμάστε τούτη την πεντανόστιμη πατροπαράδοτη μυστική συνταγή της κρητικής διατροφής, που είναι καμωμένη με αγάπη και πολύ μεράκι.|https://www.ab.gr/medias/sys_master/h8c/h0d/8809091563550.jpg|3
ΚΡΟΥΑΣΑΝ ΚΑΚΑΟ 70 GR|Κρουασάν με γέμιση κρέμα κακάο.|https://www.ab.gr/medias/sys_master/h7d/hae/8832152469534.jpg|3
ΦΡΥΓΑΝΙΕΣ TOAST ORIGINAL 100 GR|Οι πρώτες φρυγανιές Melba, υπέροχα ψημένες σε χρυσοκίτρινο χρώμα.|https://www.ab.gr/medias/sys_master/h52/h1a/8910503968798.jpg|3
ΦΡΥΓΑΝΙΕΣ ΣΙΚΑΛΗΣ 160 GR|Ολόφρεσκες, καλοψημένες, τραγανές φρυγανιές, στην εύχρηστη συσκευασία των fresh packs δίνουν ξεχωριστή γεύση σε κάθε γεύμα της ημέρας. Απολαύστε τις σε τρείς γεύσεις: Σίτου, με Σίκαλη, με αλεύρι ολικής άλεσης.|https://www.ab.gr/medias/sys_master/h7d/h65/8834394849310.jpg|3
ΑΡΤΟΠΑΡΑΣΚΕΥΑΣΜΑ ΜΠΑΓΚΕΤΑ ΧΩΡΙΑΤΙΚΗ ΜΕ ΣΟΥΣΑΜΙ 350 GR|Μπαγκέτα χωριάτικη σουσαμένια χωρίς συντηρητικά.|https://www.ab.gr/medias/sys_master/h7b/h34/8836036526110.jpg|3
ΠΑΞΙΜΑΔΑΚΙΑ SNACKIES ΦΥΣΙΚΗ ΓΕΥΣΗ 115 GR|Σνακς με φυσική γέυση. Πεντανόστιμα και τραγανιστά.|https://www.ab.gr/medias/sys_master/h68/h29/8910482866206.jpg|3
ΠΑΞΙΜΑΔΑΚΙΑ ΜΠΟΥΚΙΕΣ ΚΡΙΘΙΝΕΣ 400 GR|Παραδοσιακή συνταγή. Χωρίς συντηρητικά. Παρασκευάζονται στην Κρήτη με αγνές Κρητικές πρώτες ύλες. Με 100% παραδοσιακό προζύμι.|https://www.ab.gr/medias/sys_master/h76/h10/8830590844958.jpg|3
ΠΑΞΙΜΑΔΑΚΙΑ ΜΠΟΥΚΙΕΣ ΣΙΚΑΛΕΩΣ ΟΛΙΚΗΣ ΑΛΕΣΗΣ 400 GR|Παραδοσιακή συνταγή. Χωρίς συντηρητικά. Παρασκευάζονται στην Κρήτη με αγνές Κρητικές πρώτες ύλες.|https://www.ab.gr/medias/sys_master/h12/h02/8830470127646.jpg|3
ΠΑΞΙΜΑΔΑΚΙΑ ΤΥΡΙ GRANA PADANO ΚΑΙ ΝΤΟΜΑΤΑ 80 GR|Αρτοσκεύασμα με τυρί, ντομάτα και ρίγανη.|https://www.ab.gr/medias/sys_master/h25/he0/8837923110942.jpg|3
ΤΣΟΥΡΕΚΙ  500 GR ΠΕΡΙΠΟΥ|Τσουρέκι χωρίς συντηρητικά.|https://www.ab.gr/medias/sys_master/hc2/h2d/8835682500638.jpg|3
ΦΡΥΓΑΝΙΕΣ ΣΙΤΟΥ 4 X 127,5 GR|Ολόφρεσκες, καλοψημένες, τραγανές φρυγανιές, στην εύχρηστη συσκευασία των fresh packs δίνουν ξεχωριστή γεύση σε κάθε γεύμα της ημέρας. Απολαύστε τις σε τρείς γεύσεις: Σίτου, με Σίκαλη, με αλεύρι ολικής άλεσης.|https://www.ab.gr/medias/sys_master/hfe/h4b/8811762876446.jpg|3
ΑΡΤΟΠΑΡΑΣΚΕΥΑΣΜΑ ΒΙΟΛΟΓΙΚΟ ΟΛΙΚΗΣ ΑΛΕΣΗΣ ΣΕ ΦΕΤΕΣ 430 GR|Βιο τοστ, μαύρο αρτοπαρασκεύασμα ολικής με προζύμι και σίκαλη σε φέτες.|https://www.ab.gr/medias/sys_master/hfe/h0b/8834598273054.jpg|3
ΑΡΤΟΠΑΡΑΣΚΕΥΑΣΜΑ ΚΑΡΒΕΛΙ ΧΩΡΙΑΤΙΚΟ ΧΕΙΡΟΠΟΙΗΤΟ 250 GR|Ψωμί χωριάτικο σιμιγδαλένιο με σουσάμι χωρίς συντηρητικά.|https://www.ab.gr/medias/sys_master/h49/hb4/8836008411166.jpg|3
ΑΡΤΟΠΑΡΑΣΚΕΥΑΣΜΑ ΜΠΑΓΚΕΤΑ ΟΛΙΚΗΣ ΑΛΕΣΗΣ 250 GR|Μπαγκέτα ολικής άλεσης χωρίς συντηρητικά.|https://www.ab.gr/medias/sys_master/h91/he4/8836035149854.jpg|3
ΚΟΥΛΟΥΡΙΑ ΓΛΥΚΑ ΒΑΝΙΛΙΑΣ 330 GR|Κουλούρια βανίλιας.|https://www.ab.gr/medias/sys_master/h70/h85/8834349629470.jpg|3
ΚΟΥΛΟΥΡΙΑ ΜΕ ΚΑΡΟΤΟ ΧΥΜΑ ΧΕΙΡΟΠΟΙΗΤΑ 300 GR|Με 100% έξτρα παρθένο ελαιόλαδο. Πλούσια σε φυτικές ίνες. Προϊόν νηστίσιμο.|https://www.ab.gr/medias/sys_master/h04/h4a/8836241653790.jpg|3
ΚΡΙΤΣΙΝΙΑ FRIABILI 125 GR|ΚΡΙΤΣΙΝΙΑ  125ΓΡ|https://www.ab.gr/medias/sys_master/h69/h52/8935636074526.jpg|3
ΚΡΙΤΣΙΝΙΑ ΜΕ ΤΥΡΙ 230-250 GR|Με 100% εξαιρετικό παρθένο ελαιόλαδο. Πλούσια σε φυτικές ίνες. Χωρίς ζάχαρη.|https://www.ab.gr/medias/sys_master/h5a/h0d/8809089925150.jpg|3
ΜΠΡΙΟΣ ΒΟΥΤΥΡΟΥ 360-375 GR|Brioche βουτύρου.|https://www.ab.gr/medias/sys_master/h2b/h23/8813567901726.jpg|3
ΠAΞIMAΔIA ΚΡΙΘΙΝA ΠΕΤΡΟΜΥΛΟΥ 400 GR|Το κριθαρένιο παξιμαδάκι προέρχεται από ένα από τα ορεινότερα χωριά της Κρήτης, την Ασή Γωνιά Χανίων. Φτιάχνεται όπως τα παλιά τα χρόνια, με αλεύρι κριθαρένιο ολικής άλεσης, αλεσμένο σε παραδοσιακό πετρόμυλο με ελαιόλαδο και προζύμι. Η ΆλφαΒήτα κοντά στην ελληνική γη.|https://www.ab.gr/medias/sys_master/hf7/heb/8836331700254.jpg|3
ΠAΞIMAΔIA ΜΠΟΥΚΙΕΣ 500 GR|Μικρά υγιεινά διαλείμματα οποιαδήποτε ώρα της ημέρας.|https://www.ab.gr/medias/sys_master/hf8/h16/8809170599966.jpg|3
ΦΡΥΓΑΝΙΕΣ ΣΙΚΑΛΗΣ 4/PACK 360 GR|Φρυγανιές σίτου με σίκαλη.|https://www.ab.gr/medias/sys_master/h8e/hc7/8941678952478.jpg|3
ΦΡΥΓΑΝΙΕΣ ΣΙΤΟΥ 125 GR|Οι κλασικές φρυγανιές Elite σίτου αποτελούν ένα τραγανό και απολαυστικό snack για κάθε στιγμή της ημέρας. Παράγονται από αγνά υλικά και αποτελούν ιδανική λύση για το πρωινό ή συνοδευτικό για κάθε γεύμα σας. Για όλους εσάς που επιλέγετε μια ισορροπημένη διατροφή σε αλάτι και σάκχαρα, απολαύστε τις κλασικές φρυγανιές Elite Σίτου με μόνο 0,4% αλάτι ή Σίκαλης με μόνο 0,7% αλάτι, χωρίς προσθήκη ζάχαρης.|https://www.ab.gr/medias/sys_master/hde/h21/8809262022686.jpg|3
ΨΩΜΙ ΜΕ ΠΡΟΖΥΜΙ ΒΑΣΙΛΙΚΟΥ ΒΥΖΑΝΤΙΝΟ ΣΕ ΦΕΤΕΣ 600 GR 600 GR|ΨΩΜΙ ΠΡΟΖΥΜΕΝΙΟ ΒΥΖΑΝΤΙΝΟ ΦΕΤΕΣ  600 ΓΡ|https://www.ab.gr/medias/sys_master/h46/hb0/8896280133662.jpg|3
COOKIES ΒΡΩΜΗΣ ΜΕ ΚΡΕΜΑ ΚΑΚΑΟ BITTER 400 GR||https://www.ab.gr/medias/sys_master/hca/h99/8854259531806.jpg|3
ΚΡΟΥΑΣΑΝ ΜΕ  ΠΡΑΛΙΝΑ ΦΟΥΝΤΟΥΚΙΟΥ 70 GR||https://www.ab.gr/medias/sys_master/h9f/hed/8923907719198.jpg|3
ΠΑΞΙΜΑΔΑΚΙΑ MINI ΣΚΟΡΔΟ 160 GR|Λεπτοκομμένες, διπλοφουρνιστές ροδέλες από ψωμί σε πολλές, διαφορετικές γεύσεις και mini σχήμα. Γεύση: Σκόρδο.|https://www.ab.gr/medias/sys_master/hbc/h55/8835658711070.jpg|3
ΣΤΑΦΙΔΟΨΩΜΑ ΣΤΕΡΓΙΟΥ 290 GR|Λαχταριστά σταφυδοψωμάκια που παρασκευάζονται με φροντίδα και αγάπη. Κάθε μέρα για εσάς. Με διαλεχτές σουλτανίνες.|https://www.ab.gr/medias/sys_master/h5f/h11/8853999583262.jpg|3
ΤΣΟΥΡΕΚΙ ΜΕ ΠΡΑΛΙΝΑ 500 GR|Παρασκευάζεται με χειροποίητο τρόπο|https://www.ab.gr/medias/sys_master/h95/h0e/8854464561182.jpg|3
ΨΩΜΙ ΜΕ ΠΡΟΖΥΜΙ ΒΑΣΙΛΙΚΟΥ ΟΛΙΚΗΣ ΑΛΕΣΗΣ ΣΕ ΦΕΤΕΣ 600 GR 600 GR|ΨΩΜΙ ΠΡΟΖΥΜΕΝΙΟ ΟΛΙΚΗΣ ΦΕΤΕΣ  600 ΓΡ|https://www.ab.gr/medias/sys_master/h01/hbe/8896280264734.jpg|3
ΑΛΛΑ ΕΙΔΗ ΣΤΑΦΙΔΟΨΩΜΟ MINOΣ 80 ΓΡ||https://www.ab.gr/medias/sys_master/h1f/hc0/8854431268894.jpg|3
ΚΡΙΤΣΙΝΙΑ PANGRI 300 GR|BARILLA MULINO BIANCO ΚΡΙΤΣΙΝΙΑ PANGRI 300GR|https://www.ab.gr/medias/sys_master/h08/haa/8935454212126.jpg|3
ΚΡΟΥΑΣΑΝ ΚΡΕΜΑ ΚΑΚΑΟ 80 GR|Κρουασάν με λαχταριστή γέμιση κρέμα κακάο. Η απόλαυση που σε συντροφεύει!|https://www.ab.gr/medias/sys_master/hc6/h90/8838048808990.jpg|3
ΜΗΛΟΠΙΤΑ ΑΤΟΜΙΚΗ 100 GR|Διαλεχτές συνταγές, από καλή οικογένεια! Μηλόπιτα με γέμιση μαρμελάδα μήλου!|https://www.ab.gr/medias/sys_master/hfc/h32/8853981495326.jpg|3
ΜΠΙΣΚΟΤΑ BOYTYPOY 115 ΓΡ||https://www.ab.gr/medias/sys_master/hf7/h90/8855246831646.jpg|3
ΠΑΞΙΜΑΔΙΑ ΠΑΡΑΔΟΣΙΑΚΑ ΑΣΤΥΠΑΛΑΙΑΣ 350 GR|Τα αυθεντικά παξιμάδια της Αστυπάλαιας, με άγρια ρίγανη και εξαιρετικό παρθένο ελαιόλαδο. Χωρίς ζάχαρη ή  συντηρητικά. Χειροποίητα και διπλοφουρνιστά.|https://www.ab.gr/medias/sys_master/h29/h39/8834819850270.jpg|3
ΤΣΑΝΑΚΙΑ ΚΟΥΛΟΥΡΙΑ ΜΕ ΚΟΜΜΑΤΑΚΙΑ ΣΟΚΟΛΑΤΑΣ 300 GR|Με 100% κομματάκια σοκολάτας υγείας. Νηστίσιμο προϊόν.|https://www.ab.gr/medias/sys_master/h2b/h8c/8847279292446.jpg|3
DONUTS ΜΕ ΓΕΜΙΣΗ ΠΡΑΛΙΝΑ 360 GR|ΣΤΕΡΓΙΟΥ  DONUTS ΓΕΜΙΣΗ ΠΡΑΛΙΝΑ 240GR|https://www.ab.gr/medias/sys_master/hbd/h75/8880962437150.jpg|3
ΑΡΤΟΣΚΕΥΑΣΜΑ PUMPERNICKEL ΒΙΟΛΟΓΙΚΟ 500 GR|Βιολογικό ψωμί με ολόκληρους σπόρους σίκαλης. Χωρίς συντηρητικά. Χαμηλά λιπαρά. Πλούσιο σε φυτικές ίνες.|https://www.ab.gr/medias/sys_master/h42/h0c/8809080750110.jpg|3
ΒΙΕΝΕΖΙΚΟ ΜΗΛΟ&ΚΑΝΕΛΛΑ 120GR||https://www.ab.gr/medias/sys_master/he7/haf/8936570585118.jpg|3
ΚΟΥΛΟΥΡΙΑ ΓΛΥΚΑ ΠΟΡΤΟΚΑΛΙΟΥ 300 GR|Κουλούρια με άρωμα πορτοκαλιού.|https://www.ab.gr/medias/sys_master/hbe/h95/8835847127070.jpg|3
ΚΡΙΤΣΙΝΙΑ ΧΑΡΟΥΠΙΟΥ 230 GR||https://www.ab.gr/medias/sys_master/h45/hed/8935418953758.jpg|3
ΚΡΟΥΑΣΑΝ CHOCO ΜΕ ΚΡΕΜΑ ΒΑΝΙΛΙΑ 60 GR|Κρουασάν με επικάλυψη σοκολάτα γάλακτος και γέμιση κρέμα με άρωμα βανίλιας.|https://www.ab.gr/medias/sys_master/hef/h2a/8847581020190.jpg|3
ΠΑΞΙΜΑΔΙΑ ΜΕ ΕΞΑΙΡΕΤΙΚΟ ΠΑΡΘΕΝΟ ΕΛΑΙΟΛΑΔΟ 400 GR||https://www.ab.gr/medias/sys_master/h83/hc4/8880382148638.jpg|3
ΦΡΥΓΑΝΙΕΣ ΣΙΤΟΥ 0,4% ΑΛΑΤΙ 250 GR|Οι κλασικές φρυγανιές Elite σίτου αποτελούν ένα τραγανό και απολαυστικό snack για κάθε στιγμή της ημέρας. Παράγονται από αγνά υλικά και αποτελούν ιδανική λύση για το πρωινό ή συνοδευτικό για κάθε γεύμα σας. Για όλους εσάς που επιλέγετε μια ισορροπημένη διατροφή σε αλάτι και σάκχαρα, απολαύστε τις κλασικές φρυγανιές Elite Σίτου με μόνο 0,4% αλάτι ή Σίκαλης με μόνο 0,7% αλάτι, χωρίς προσθήκη ζάχαρης.|https://www.ab.gr/medias/sys_master/ha2/h4d/8911966076958.jpg|3
ΑΡΤΟΠΑΡΑΣΚΕΥΑΣΜΑ ΜΕ ΠΡΟΖΥΜΙ ΤΗΣ ΓΙΑΓΙΑΣ 750 GR|Προζυμένιο της γιαγιάς. Αρτοπαρασκεύασμα χωρίς συντηρητικά.|https://www.ab.gr/medias/sys_master/h14/h12/8845315866654.jpg|3
ΑΡΤΟΠΑΡΑΣΚΕΥΑΣΜΑ ΧΩΡΙΑΤΙΚΟ 350 GR|Ψωμί χωριάτικο χειροποίητο χωρίς συντηρητικά.|https://www.ab.gr/medias/sys_master/h8f/hf3/8836079779870.jpg|3
ΚΟΥΛΟΥΡΑΚΙΑ ΚΑΝΕΛΑΣ 350 GR|ΜΠΕΡΡΗΣ  ΚΟΥΛΟΥΡΑΚΙΑ  350GR|https://www.ab.gr/medias/sys_master/h1f/h84/8935637647390.jpg|3
ΠΑΞΙΜΑΔΑΚΙΑ ΚΡΙΘΑΡΕΝΙΟ ΜΙΝΙ ΜΑΝΝΑ 150 GR|Μικρά κρίθινα παξιμάδια νόστιμα και τραγανά, είναι ιδιαίτερα θρεπτικά και ιδανική πηγή ενέργειας. Πλούσια σε φυτικές ίνες και με χαμηλά λιπαρά αποτελούν απαραίτητο συμπλήρωμα μιας σωστής μεσογειακής διατροφής.|https://www.ab.gr/medias/sys_master/hd8/h36/8835728900126.jpg|3
ΠΑΞΙΜΑΔΑΚΙΑ ΣΤΑΡΕΝΙΟ ΛΑΔΙΟΥ 200 GR|Όταν η παράδοση των Κυθήρων συναντά την Κρητική τότε έχουμε το πιο νόστιμο παξιμάδι λαδιού. Με αλεύρι σιταρένιο, αλεσμένο σε πετρόμυλο και με 14% ελαιόλαδο, συνοδεύει υπέροχα όλων των ειδών τα τυριά αλλά και κάθε άλλο γεύμα.|https://www.ab.gr/medias/sys_master/hda/h5e/8835722215454.jpg|3
ΠΑΞΙΜΑΔΙΑ ΣΙΚΑΛΗΣ 600 GR|Κρητικό παξιμάδι σίκαλης με την αυθεντική γεύση και την πλούσια περιεκτικότητα σε φυτικές ίνες. Υγιεινά, ψήνονται σε ξυλόφουρνο για να αποκτήσουν την ξεχωριστή δική τους γεύση που συνοδεύει ιδανικά κάθε ελληνικό πιάτο στο τραπέζι. Απολαύστε όλη η οικογένεια, μια ισορροπημένη και διαιτητική διατροφή.|https://www.ab.gr/medias/sys_master/h3a/h0a/8809063710750.jpg|3
ΤΣΟΥΡΕΚΑΚΙΑ ΑΤΟΜΙΚΑ  320 GR|Τσουρεκάκια με προζύμι Φαίδων.|https://www.ab.gr/medias/sys_master/hbe/h89/8838299353118.jpg|3
CAKES CHOCO CHIPS 140 GR|Μοναδικά αφράτο κέικ με λαχταριστά κομματάκια σοκολάτας γάλακτος.|https://www.ab.gr/medias/sys_master/h26/haf/8841279406110.jpg|3
ΑΒ ΚΡΙΤΣΙΝΙΑ ΜΕ ΚΑΛΑΜΠΟΚΙ 300ΓΡ||https://www.ab.gr/medias/sys_master/h5d/h51/8912460644382.jpg|3
ΑΡΤΟΣΚΕΥΑΣΜΑ ΚΟΥΛΟΥΡΙ ΘΕΣΣΑΛΟΝΙΚΗΣ ΚΑΛΑΜΠΟΚΙΟΥ 2 Χ 80 GR|Κουλούρι Θεσσαλονίκης καλαμποκιού χωρίς συντηρητικά.|https://www.ab.gr/medias/sys_master/h45/hb6/8840972369950.jpg|3
ΜΠΡΙΟΣ ΜΕ ΒΑΝΙΛΙΑ 5 X 60 GR||https://www.ab.gr/medias/sys_master/h45/h47/8923894743070.jpg|3
ΠAΞIMAΔIA ΚΡΙΘΑΡΕΝΙΑ 800 GR|Παξιμάδια φτιαγμένα από διαλεχτά κριθάρια  που καλλιεργούνται στη Λήμνο και αλέθονται χωρίς προσθήκη συντηρητικών ή βελτιωτικών σε παραδοσιακούς μύλους του νησιού. Η ΆλφαΒήτα κοντά στην ελληνική γη.|https://www.ab.gr/medias/sys_master/h0d/h93/8941358972958.jpg|3
ΠΑΞΙΜΑΔΑΚΙΑ ΣΤΑΡΕΝΙΑ ΑΦΡΑΤΑ ΜΕ ΠΡΟΖΥΜΙ 300 GR||https://www.ab.gr/medias/sys_master/h44/h96/8871214153758.jpg|3
ΑΡΤΟΠΑΡΑΣΚΕΥΑΣΜΑ ΟΛΙΚΗΣ ΑΛΕΣΗΣ ΤΗΣ ΓΙΑΓΙΑΣ 750 GR|Προζυμένιο ολικής άλεσης. Αρτοπαρασκεύασμα χωρίς συντηρητικά.|https://www.ab.gr/medias/sys_master/he5/h2a/8845315473438.jpg|3
ΒΑΝΙΛΙΑ 400 GR ΚΕΙΚ||https://www.ab.gr/medias/sys_master/h5d/hca/8924718301214.jpg|3
ΚΕΪΚ ΒΑΝΙΛΙΑ ΣΟΚΟΛΑΤΑ 350 GR|My cake! Μια γλυκιά καθημερινή απόλαυση για όλες τις ώρες. Αφράτα μοναδικά και νόστιμα cake φτιαγμένα με αγνά υλικά με την εγγύηση της ποιότητας της Bakehellas. Γεύση: Σοκολάτα- Βανίλια.|https://www.ab.gr/medias/sys_master/heb/h25/8828623355934.jpg|3
ΚΟΥΛΟΥΡΙΑ ΓΛΥΚΑ ΚΑΛΟΡΙΖΙΚΑ ΧΑΡΟΥΠΙΟΥ 250 GR|Χειροποίητα βουτήματα από χαρουπάλευρο, καβουρδισμένα μύγδαλα, ξανθιά σταφίδα και κρητικό ελαιόλαδο, αρωματισμένα με κανέλα, γαρίφαλο και φυσικό χυμό πορτοκαλιού. Δοκιμάστε αυτές τις θρεπτικές μπουκιές που φέρνουν στο νου αναμνήσεις γλυκές.|https://www.ab.gr/medias/sys_master/hc5/h01/8835865608222.jpg|3
ΚΡΙΘΑΡΟΚΟΥΛΟΥΡΑ ΒΙΟΛΟΓΙΚH 500 GR|Κριθαροκουλούρα με αλεύρι ολικής αλέσεως, προϊόν βιολογικής γεωργίας με αλεύρι ολικής αλέσεως από αλεύρι βιολογικής γεωργίας. Με Ευρωπαϊκή και Ελληνική πιστοποίηση από αναγνωρισμένο φορέα.|https://www.ab.gr/medias/sys_master/ha3/h5b/8838639550494.jpg|3
ΚΡΙΤΣΙΝΙΑ ΚΡΙΘΙΝΑ 230 GR|Με 100% εξαιρετικό παρθένο ελαιόλαδο. Πλούσια σε φυτικές ίνες. Χωρίς ζάχαρη.|https://www.ab.gr/medias/sys_master/h12/hd4/8835567288350.jpg|3
ΠΑΞΙΜΑΔΙΑ ΚΡΗΤΙΚΟΦΟΥΡΝΙΕΣ 480 GR|Το κρητικό παξιμάδι, τροφή πλούσια σε ευεργετικά ια τον ανθρώπινο οργανισμό συστατικά, είναι ένα από τα θεμέλια της φημισμένης κρητικής διατροφής. Με προσήλωση στις παραδοσιακές συνταγές, χρησιμοποιούνται μόνο αγνές πρώτες ύλες για να δημιουργηθεί το αρτοσκεύασμα που θα αγαπήσετε για την υπέροχη γεύση του.|https://www.ab.gr/medias/sys_master/hfb/h93/8839938637854.jpg|3
ΑΡΤΟΠΑΡΑΣΚΕΥΑΣΜΑ ΚΑΡΒΕΛΙ ΧΩΡΙΑΤΙΚΟ ΧΕΙΡΟΠΟΙΗΤΟ 350 GR|Καρβέλι χωριάτικο χειροποίητο χωρίς συντηρητικά.|https://www.ab.gr/medias/sys_master/hd1/hb1/8845313900574.jpg|3
ΑΡΤΟΠΑΡΑΣΚΕΥΑΣΜΑ ΜΠΑΓΚΕΤΑ ΧΩΡΙΑΤΙΚΗ ΤΥΠΟΥ ΓΑΛΛΙΑΣ 330 GR|Μπαγκέτα χωριάτικη τύπου Γαλλίας χωρίς συντηρητικά.|https://www.ab.gr/medias/sys_master/ha4/h7c/8836007034910.jpg|3
ΑΡΤΟΣΚΕΥΑΣΜΑ ΤΥΡΟΨΩΜΟ 150 GR|Τυρόψωμο χωρίς συντηρητικά.|https://www.ab.gr/medias/sys_master/h7a/hea/8841078013982.jpg|3
ΑΡΤΟΣΚΕΥΑΣΜΑ ΧΩΡΙΣ ΓΛΟΥΤΕΝΗ 500 GR|Αρτοσκεύασμα χωρίς γλουτένη ολικής αλέσεως από ρύζι, σπόρους καλαμποκιού και κεχριού. Αυτό το νόστιμο ψωμί από ρύζι, χωρίς γλουτένη, ψήνεται από φρεσκοαλεσμένους ολόκληρους σπόρους ρυζιού. Είναι πλούσιο σε βιταμίνες και ανόργανα συστατικά. Χωρίς συντηρητικά.|https://www.ab.gr/medias/sys_master/h02/h3b/8845316259870.jpg|3
ΚΟΥΛΟΥΡΙΑ ΓΛΥΚΑ ΚΑΛΟΡΙΖΙΚΑ ΒΡΩΜΗ ΜΕΛΙ 250 GR|Τραγανές μπουκίτσες με νιφάδες βρώμης, ζυμωμένες με θυμαρίσιο μέλι, φρέσκιες σταφίδες, μαύρη ζάχαρη και κρητικό ελαιόλαδο. Νιώστε ευχάριστα, ζήστε υγιεινά με κάθε μικρή χειροποίητη μπουκιά που κρύβει αρώματα πορτοκαλιού και κανέλλας.|https://www.ab.gr/medias/sys_master/h7c/ha0/8839964786718.jpg|3
ΚΡΙΤΣΙΝΙΑ ΧΕΙΡΟΠΟΙΗΤΑ ΠΟΝΤΙΑΚΑ 250 GR|Τραγανό κριτσίνι φτιαγμένο από παλιά συνταγή του Πόντου. Με αλεύρι σιταρένιο. Μια ξεχωριστή γεύση που ταιριάζει παντού. Συνοδεύει υπέροχα όλων των ειδών ορεκτικά, τυριά αλλά και κάθε άλλο γεύμα.|https://www.ab.gr/medias/sys_master/h93/h0a/8835703537694.jpg|3
ΚΡΟΥΑΣΑΝ ΠΡΑΛΙΝΑ 105GR||https://www.ab.gr/medias/sys_master/hce/hfc/8936718925854.jpg|3
ΜΠΡΙΟΣ MILKID ΜΕ ΓΕΜΙΣΗ ΣΟΚΟΛΑΤΑ ΓΑΛΑΚΤΟΣ 5 Χ 60 GR 300 GR||https://www.ab.gr/medias/sys_master/h8f/h4c/8923902803998.jpg|3
ΠΑΞΙΜΑΔΑΚΙΑ SNACKIES ΓΕΥΣΗ ΠΙΤΣΑ 115 GR|Σνακς με γέυση πίτσας. Πεντανόστιμα και τραγανιστά.|https://www.ab.gr/medias/sys_master/h33/h45/8910485684254.jpg|3
ΠΑΞΙΜΑΔΑΚΙΑ ΤΥΡΙ ΝΤΟΜΑΤΑ ΚΑΙ ΕΛΙΑ 80 GR|Αρτοσκεύασμα με τυρί, ντομάτα και ελιά.|https://www.ab.gr/medias/sys_master/hc5/h49/8837914853406.jpg|3
ΠΑΞΙΜΑΔΙΑ ΚΡΙΘΑΡΕΝΙΟ 800 GR|Κριθαρένια παξιμάδια ολικής αλέσεως. Υγιεινά και νόστιμα. Τρώγονται κάθε ώρα της ημέρας, στο πρωινό, στις σαλάτες, αλλά και σε κάθε γεύμα αντικαθιστώντας το ψωμί.|https://www.ab.gr/medias/sys_master/hc0/h87/8913322115102.jpg|3
ΤΣΟΥΡΕΚΑΚΙ ΜΕ ΜΑΣΤΙΧΑ ΧΙΟΥ 90 GR|Λαχταριστό τσουρεκάκι που παρασκευάζεται με φροντίδα και αγάπη. Κάθε μέρα για εσάς. Με γέμιση μαστίχα Χίου.|https://www.ab.gr/medias/sys_master/h74/hd4/8830087462942.jpg|3
ΦΡΥΓΑΝΙΕΣ ΣΙΚΑΛΗΣ 0,7% ΑΛΑΤΙ 180 GR|Οι κλασικές φρυγανιές Elite σίκαλης αποτελούν ένα τραγανό και απολαυστικό snack για κάθε στιγμή της ημέρας. Παράγονται από αγνά υλικά και αποτελούν ιδανική λύση για το πρωινό ή συνοδευτικό για κάθε γεύμα σας. Για όλους εσάς που επιλέγετε μια ισορροπημένη διατροφή σε αλάτι και σάκχαρα, απολαύστε τις κλασικές φρυγανιές Elite Σίτου με μόνο 0,4% αλάτι ή Σίκαλης με μόνο 0,7% αλάτι, χωρίς προσθήκη ζάχαρης.|https://www.ab.gr/medias/sys_master/hdf/h04/8910503051294.jpg|3
ΑΡΤΟΠΑΡΑΣΚΕΥΑΣΜΑ ΚΑΛΑΜΠΟΚΙΟΥ 250 GR|Ψωμί καλαμποκιού χωρίς συντηρητικά.|https://www.ab.gr/medias/sys_master/h01/h48/8836023943198.jpg|3
ΚΑΡΒΕΛΑΚΙ ΖΥΜΩΤΟ ΧΩΡΙΑΤΙΚΟ ΜΕ ΠΡΟΖΥΜΙ ΣΕ ΦΕΤΕΣ 320 GR|ΨΩΜΙ||3
ΚΕΪΚ ΣΟΚΟΛΑΤΑ 350 GR|My cake! Μια γλυκιά καθημερινή απόλαυση για όλες τις ώρες. Αφράτα μοναδικά και νόστιμα cake φτιαγμένα με αγνά υλικά με την εγγύηση της ποιότητας της Bakehellas. Γεύση: Σοκολάτα.|https://www.ab.gr/medias/sys_master/hbc/h5c/8809755836446.jpg|3
ΚΡΙΤΣΙΝΙΑ ΜΕ ΛΙΝΑΡΟΣΠΟΡΟΥΣ 240 GR|Τα προϊόντα της Κρητών Άρτος παράγονται κυρίως από άλευρα ολικής άλεσης που ζυμώνονται με εξαιρετικό Κρητικό παρθένο ελαιόλαδο. Πιο Κρητικά... δεν γίνεται!|https://www.ab.gr/medias/sys_master/hdc/hf4/8841227698206.jpg|3
ΚΡΟΥΑΣΑΝ CHOCO ΜΕ ΚΡΕΜΑ ΚΑΚΑΟ 60 GR|Κρουασάν με επικάλυψη σοκολάτα γάλακτος και γέμιση κρέμα κακάο.|https://www.ab.gr/medias/sys_master/he3/h16/8847607169054.jpg|3
ΠΑΞΙΜΑΔΑKIA ΜΕ ΓΡΑΒΙΕΡΑ & ΦΕΤΑ 250 GR||https://www.ab.gr/medias/sys_master/h17/hd5/8925414981662.jpg|3
ΠΑΞΙΜΑΔΑΚΙΑ ΓΕΥΣΗ ΧΩΡΙΑΤΙΚΑ 350 GR|Χωριάτικα παξιμάδια με χαρακτήρα μεσογειακό. Χάριν στο στρογγυλό, πρακτικό τους σχήμα μπορείτε να δημιουργήσετε νόστιμα ντακάκια για εσάς και τους φίλους σας ή μπορείτε να τα απολαμβάνετε μαζί με τη σαλάτα σας στο σπίτι ή στο γραφείο σας ως ένα ελαφρύ γρήγορο μικρογεύμα. Τα παξιμάδια ‘’Μεσόγειος γεύση’’ σας προσφέρουν όχι μόνο ισορροπημένη διατροφική αξία αλλά και ασυναγώνιστη γεύση. Απολαύστε τα και δώστε στη διατροφή σας την ποιότητα που της αξίζει!|https://www.ab.gr/medias/sys_master/h55/ha4/8834907209758.jpg|3
ΤΣΟΥΡΕΚΑΚΙ ΠΡΑΛΙΝΑ 120 GR|Λαχταριστό τσουρεκάκι που παρασκευάζεται με φροντίδα και αγάπη. Κάθε μέρα για εσάς. Με γέμιση πραλίνα φουντουκιού.|https://www.ab.gr/medias/sys_master/hc2/h3d/8855611736094.jpg|3
ΦΛΟΓΕΡΕΣ ΜΕ ΑΛΑΤΙ 100 GR||https://www.ab.gr/medias/sys_master/h4a/h22/8935447986206.jpg|3
COCOA ΚΕΙΚ BAR KAKAO 5 X 32 GR|Με επικάλυψη σοκολάτας και γέμιση κρέμα κακάο.|https://www.ab.gr/medias/sys_master/hd9/h7f/8847409774622.jpg|3
ΚΕΙΚ ΒΑΝΙΛΙΑ ΚΑΚΑΟ 400 GR||https://www.ab.gr/medias/sys_master/hf2/hdb/8924734095390.jpg|3
ΚΕΪΚ ΑΝΑΜΕΙΚΤΟ 500 GR|Λαχταριστό κέικ που παρασκευάζεται με φροντίδα και αγάπη. Κάθε μέρα για εσάς. Ανάμικτο.|https://www.ab.gr/medias/sys_master/h6a/he9/8834608103454.jpg|3
ΚΕΪΚ ΦΕΤΑ ΣΟΚΟΛΑΤΑ 80 GR|Κέικ ανάμικτο με επικάλυψη κρέμα κακάο.|https://www.ab.gr/medias/sys_master/h43/h10/8847282634782.jpg|3
ΚΡΙΘΑΡΟΚΟΥΛΟΥΡΑ ΜΙΝΙ 400 GR|Η πιο γνήσια εκπρόσωπος της Κρητικής παράδοσης. Με το μικρό σχήμα της γίνεται μια αγκαλιά για αλμυρά και γλυκά υλικά που συμπληρώνουν τη διατροφή σας. Διπλοφουρνιστή, πλούσια σε φυτικές ίνες και με χαμηλά λιπαρά, είναι μια αγνή και αυθεντική πηγή ενέργειας.|https://www.ab.gr/medias/sys_master/hdb/hb1/8836165173278.jpg|3
ΚΡΙΤΣΙΝΑΚΙΑ ME ΛΙΑΣΤΗ ΝΤΟΜΑΤΑ & ΕΛΙΕΣ 8O GR||https://www.ab.gr/medias/sys_master/h10/hc4/8936588148766.jpg|3
ΚΡΙΤΣΙΝΙΑ ΦΑΓΟΠΥΡΟΥ 230 GR||https://www.ab.gr/medias/sys_master/h87/h36/8935421771806.jpg|3
ΚΡΟΥΑΣΑΝΑΚΙΑ ΜΕ ΣΟΚΟΛΑΤΑ 300 GR|ΚΡΟΥΑΣΑΝΑΚΙΑ  300GR|https://www.ab.gr/medias/sys_master/h48/h46/8854270541854.jpg|3
ΜΠΙΣΚΟΤΙ ΣΟΚΟΛΑΤΑ ΥΓΕΙΑΣ ΚΑΙ ΠΟΡΤΟΚΑΛΙ 250 GR|Μπισκόττι διπλοφουρνιστά, με χυμό πορτοκάλι και σοκολάτα υγείας,  με 100% μαύρη ζάχαρη και έξτρα παρθένο ελαιόλαδο.|https://www.ab.gr/medias/sys_master/h70/h15/8847283224606.jpg|3
ΜΠΟΥΚΙΤΣΕΣ ΣΤΑΡΕΝΙΕΣ 400 GR|ΜΠΟΥΚΙΕΣ ΕΠΤΑΖΥΜΕΣ ΣΤΑΡΕΝΙΕΣ 400GR|https://www.ab.gr/medias/sys_master/h72/h5b/8935457357854.jpg|3
ΠΙΤΤΕΣ TOMATO WRAPS 10'' 400 GR|Πίτες- τορτίγιας, για σάντουιτς, σαλάτες, ρολάκια, κεσαδίγιας, πίτσα και γλυκά. Με γεύση τομάτας.|https://www.ab.gr/medias/sys_master/hb2/h0c/8834783084574.jpg|3
ΑΡΤΟΠΑΡΑΣΚΕΥΑΣΜΑ ΟΛΙΚΗΣ ΑΛΕΣΗΣ 750 GR|Αρτοσκεύασμα ολικής αλέσεως μαύρο, ζυμωμένο στο χέρι και ψημένο στα ξύλα, παραδοσιακά χωρίς συντηρητικά και βελτιωτικά. Μόνο με προζύμη.|https://www.ab.gr/medias/sys_master/h40/h22/8834260566046.jpg|3
ΑΡΤΟΣΚΕΥΑΣΜΑ FITNESSBROT 500 GR|Ψωμί από πλήρη σίκαλη με βρώμη. Χωρίς συντηρητικά.|https://www.ab.gr/medias/sys_master/h66/h77/8839945715742.jpg|3
ΚΟΥΛΟΥΡΙΑ ΓΛΥΚΑ ΚΟΥΑΚΕΡ ΜΕΛΙ 380 GR|Αρτοσκεύασμα ζαχαροπλαστικής cookies  κουάκερ με μέλι. Φουρνιστά και νηστίσιμα.|https://www.ab.gr/medias/sys_master/h0b/ha1/8838297976862.jpg|3
ΜΠΙΣΚΟΤΙ ΣΟΚΟΛΑΤΑ ΥΓΕΙΑΣ ΚΑΙ ΑΜΥΓΔΑΛΑ 250 GR|Μπισκόττι διπλοφουρνιστά, με σοκολάτα υγείας και ολόκληρα αμύγδαλα,  με 100% μαύρη ζάχαρη και έξτρα παρθένο ελαιόλαδο.|https://www.ab.gr/medias/sys_master/ha1/h79/8847296790558.jpg|3
ΠAΞIMAΔIA ΣITOY 600 GR|Όλη η γεύση του κλασικού παραδοσιακού παξιμαδιού.|https://www.ab.gr/medias/sys_master/h8a/h16/8809166995486.jpg|3
ΠΑΞΙΜΑΔΑΚΙΑ ΜΕ ΦΕΤΑ ΚΑΙ ΛΙΑΣΤΗ ΝΤΟΜΑΤΑ 400 GR|Το κρητικό παξιμάδι, τροφή πλούσια σε ευεργετικά ια τον ανθρώπινο οργανισμό συστατικά, είναι ένα από τα θεμέλια της φημισμένης κρητικής διατροφής. Με προσήλωση στις παραδοσιακές συνταγές, χρησιμοποιούνται μόνο αγνές πρώτες ύλες για να δημιουργηθεί το αρτοσκεύασμα που θα αγαπήσετε για την υπέροχη γεύση του.|https://www.ab.gr/medias/sys_master/h57/h68/8838158123038.jpg|3
ΠΑΞΙΜΑΔΑΚΙΑ ΝΤΟΜΑΤΑ ΡΙΓΑΝΗ ΚΑΙ ΕΛΙΑ 70 GR|"Διπλοφουρνιστά στρογγυλά αστοσκευάσματα με γεύση ""ντομάτας, ελιές και ρίγανη""."|https://www.ab.gr/medias/sys_master/h3e/h5c/8835973611550.jpg|3
ΤΣΟΥΡΕΚΑΚΙ ΚΑΚΑΟ 85 GR|Παραδοσιακό προϊόν ζύμης πολλών χωρών της Κεντρικής & Ανατολικής Ευρώπης. Γεύση: Mousse Κακάο|https://www.ab.gr/medias/sys_master/h82/h02/8925651894302.jpg|3
ΦΡΥΓΑΝΙΕΣ ΣΙΚΑΛΗΣ 180 GR|Οι κλασικές φρυγανιές Elite σίκαλης αποτελούν ένα τραγανό και απολαυστικό snack για κάθε στιγμή της ημέρας. Παράγονται από αγνά υλικά και αποτελούν ιδανική λύση για το πρωινό ή συνοδευτικό για κάθε γεύμα σας. Για όλους εσάς που επιλέγετε μια ισορροπημένη διατροφή σε αλάτι και σάκχαρα, απολαύστε τις κλασικές φρυγανιές Elite Σίτου με μόνο 0,4% αλάτι ή Σίκαλης με μόνο 0,7% αλάτι, χωρίς προσθήκη ζάχαρης.|https://www.ab.gr/medias/sys_master/h01/h12/8836289429534.jpg|3
ΦΡΥΓΑΝΙΕΣ ΣΤΑΡΕΝΙΕΣ  0.4% ΑΛΑΤI 167 GR||https://www.ab.gr/medias/sys_master/h78/hc7/8917673672734.jpg|3
ΑΡΤΟΠΑΡΑΣΚΕΥΑΣΜΑ ΒΙΟΛΟΓΙΚΟ ΟΛΙΚΗΣ ΑΛΕΣΗΣ 700-800 GR|Παραδοσιακό ψωμί από αλεύρι ολικής άλεσης. Μόνο με προζύμι. Προϊόν βιολογικής γεωργίας.|https://www.ab.gr/medias/sys_master/hbd/h5a/8834694217758.jpg|3
ΑΡΤΟΠΑΡΑΣΚΕΥΑΣΜΑ ΧΩΡΙΑΤΙΚΟ 750 GR|Αρτοπαρασκεύασμα χωριάτικο ζυμωτό στο χέρι στη πινακωτή. Χωρίς συντηρητικά. Μόνο με προζύμι.|https://www.ab.gr/medias/sys_master/he9/hc4/8834261155870.jpg|3
ΑΡΤΟΣΚΕΥΑΣΜΑ VIEKORNBROT LONG 500 GR|Ψωμί 4 δημητριακών από Σίκαλη- Βρώμη - Σιτάρι- Κριθάρι. Χωρίς συντηρητικά.|https://www.ab.gr/medias/sys_master/h23/he2/8845317439518.jpg|3
ΚΟΥΛΟΥΡΙΑ ΓΛΥΚΑ ΜΕΛΙΟΥ ΜΕ ΣΟΥΣΑΜΙ 300 GR|Κουλουράκια μελιού με σουσάμι. Με παραδοσιακή συνταγή. Χωρίς συντηρητικά.|https://www.ab.gr/medias/sys_master/h56/h07/8809039462430.jpg|3
ΚΟΥΛΟΥΡΙΑ ΓΛΥΚΑ ΠΟΡΤΟΚΑΛΙOY 300 GR|Με 100% φυσικό χυμό πορτοκαλιού.|https://www.ab.gr/medias/sys_master/h44/h20/8809248587806.jpg|3
ΚΟΥΛΟΥΡΙΑ ΓΛΥΚΑ ΣΟΚΟΛΑΤΑΣ 300 GR|Κουλούρια σοκολάτας.|https://www.ab.gr/medias/sys_master/hd9/h7a/8835848699934.jpg|3
ΚΡΙΘΑΡΟΚΟΥΛΟΥΡΙΤΣΑ  600 GR|Παραδοσιακή συνταγή. Χωρίς συντηρητικά. Παρασκευάζονται στην Κρήτη με αγνές Κρητικές πρώτες ύλες. Με 100% παραδοσιακό προζύμι.|https://www.ab.gr/medias/sys_master/h60/h59/8835742662686.jpg|3
ΚΡΙΤΣΙΝΑΚΙΑ ΜΕ ΕΛΑΙΟΛΑΔΟ & ΡΙΓΑΝΗ 90 GR|ΚΡΙΤΣΙΝΑΚΙ ΜΕ ΕΛΑΙΟΛΑΔΟ & ΡΙΓΑΝΗ 1TEM|https://www.ab.gr/medias/sys_master/h43/h04/8935433961502.jpg|3
ΜΠΙΣΚΟΤΑ ME ΦΙΣΤΙΚΙ ΑΙΓΙΝΗΣ & ΓΛΥΚΑΝΙΣΟ 195 ΓΡ||https://www.ab.gr/medias/sys_master/hdc/h79/8855219306526.jpg|3
ΠΑΞΙΜΑΔΑKIA ΚΡΙΘΑΡΕΝΙΑ 600 GR||https://www.ab.gr/medias/sys_master/h73/h21/8925379788830.jpg|3
ΦΡΥΓΑΝΙΕΣ TOAST SESAME 100 GR|Οι φρυγανιές Melba με σουσάμι είναι γεμάτες από σουσάμι και είναι νοστιμότατες με ότι κι αν σνοδεύονται.|https://www.ab.gr/medias/sys_master/h63/h03/8910499315742.jpg|3
ΦΡΥΓΑΝΙΕΣ ΣΙΤΟΥ 250 GR|Φρυγανιές σίτου.|https://www.ab.gr/medias/sys_master/h54/hb0/8836109074462.jpg|3
KΡΟΥΑΣΑΝ ΜΕ ΓΕΜΙΣΗ ΚΑΚΑΟ 80 GR||https://www.ab.gr/medias/sys_master/h5c/h05/8880361111582.jpg|3
SWISS ROLLS ΒΑΝΙΛΙΑ 200 GR|Παντεσπάνι ρολό με γέμιση κρέμας με άρωμα βανίλια.|https://www.ab.gr/medias/sys_master/h02/h87/8910480703518.jpg|3
ΚΟΥΛΟΥΡΙΑ ΑΛΜΥΡΑ ΠΟΛΥΣΠΟΡΑ ΧΩΡΙΣ ΖΑΧΑΡΗ 200 GR|Με 100% έξτρα παρθένο ελαιόλαδο. Πλούσια σε διαιτητικές ίνες. Χωρίς ζάχαρη.|https://www.ab.gr/medias/sys_master/hae/hd7/8836095901726.jpg|3
ΚΟΥΛΟΥΡΙΑ ΓΛΥΚΑ ΜΕΘΥΣΜΕΝΑ 400 GR|"Πλασμένα ένα- ένα στο χέρι, τα ""μεθυσμένα"" κουλουράκια είναι ένας μοναδικός συνδυασμός από σουσάμι, κρασί και κρητική τσικουδιά. Ξεχωρίζουν για την πλούσια γεύση τους."|https://www.ab.gr/medias/sys_master/h6b/he9/8834359066654.jpg|3
ΚΟΥΛΟΥΡΙΑ ΓΛΥΚΑ ΠΟΡΤΟΚΑΛΙ 400 GR|Παραδοσιακά σπιτικά κουλουράκια από το φούρνο της Μιτζέλας. Με φρέσκο βούτυρο και χυμό πορτοκαλιού.|https://www.ab.gr/medias/sys_master/h28/h14/8809147007006.jpg|3
ΚΡΙΘΑΡΟΚΟΥΛΟΥΡΑ ΚΟΜΜΕΝΗ 400 GR|Η κριθαροκουλούρα είναι ένα αυθεντικό παραδοσιακό προϊόν, παρασκευασμένη από αγνά υλικά της κρητικής γης. Είναι φτιαγμένη από 60% κριθαρένιο και σταρένιο αλεύρι ολικής άλεσης που της προσδίδει μια ιδιαίτερη γεύση. Η ΆλφαΒήτα κοντά στην ελληνική γη.|https://www.ab.gr/medias/sys_master/h12/hc8/8941339508766.jpg|3
ΚΡΙΤΣΙΝΙ ΟΛΙΚΗΣ ΑΛΕΣΗΣ 1 ΤΕΜ||https://www.ab.gr/medias/sys_master/h73/hb2/8903929036830.jpg|3
ΠΑΞΙΜΑΔΙΑ ΛΑΔΙΟΥ ΤΥΠΟΥ ΚΥΘΗΡΩΝ 400 ΓΡ||https://www.ab.gr/medias/sys_master/h98/h6c/8925199958046.jpg|3
ΣΤΡΟΥΝΤΕΛ ΜΗΛΟ&ΚΑΝΕΛΛΑ 125 GR||https://www.ab.gr/medias/sys_master/hb5/h54/8936583168030.jpg|3
ΦΡΥΓΑΝΙΕΣ ΣΙΤΟΥ ΜΕ Β ΓΛΥΚΑΝΗ 160 GR||https://www.ab.gr/medias/sys_master/hcd/h92/8880385490974.jpg|3
ΨΩΜΙ ΜΕ ΠΡΟΖΥΜΙ ΒΑΣΙΛΙΚΟΥ ΧΩΡΙΑΤΙΚΟ ΣΕ ΦΕΤΕΣ 600 GR 600 GR|ΨΩΜΙ ΠΡΟΖΥΜΕΝΙΟ ΧΩΡΙΑΤΙΚΟ ΦΕΤΕΣ  600 ΓΡ|https://www.ab.gr/medias/sys_master/h57/h89/8896280363038.jpg|3
ΨΩΜΙ ΟΛΙΚΗΣ ΑΛΕΣΗΣ ΚΑΡΒΕΛΙ ΣΕ ΦΕΤΕΣ 320 GR|ΨΩΜΙ||3
ΨΩΜΙ ΣΙΚΑΛΕΩΣ ΜΕ ΠΡΟΖΥΜΙ 680GR|ΨΩΜΙ ΣΙΚΑΛΕΩΣ ΜΕ ΠΡΟΖΥΜΙ 680GR|https://www.ab.gr/medias/sys_master/h7e/h19/8854002728990.jpg|3
ΨΩΜΙ ΣΙΜΙΓΔΑΛΕΝΙΟ ΜΕ ΣΟΥΣΑΜΙ 320 GR|ΨΩΜΙ||3
ΨΩΜΙ ΣΠΑΡΤΙΑΤΙΚΟ ΜΕ ΠΡΟΖΥΜΙ ΦΡΑΤΖΟΛΑ 350 GR|ΨΩΜΙ||3
ΑΡΤΟΠΑΡΑΣΚΕΥΑΣΜΑ ΜΠΑΓΚΕΤΑ ΠΟΛΥΣΠΟΡΗ ΓΕΡΜΑΝΙΚΗ 280 GR|Μπαγκέτα πολύσπορη Γερμανική χωρίς συντηρητικά.|https://www.ab.gr/medias/sys_master/hcc/hb2/8845318029342.jpg|3
ΑΡΤΟΣΚΕΥΑΣΜΑ SONNEBLUMENBROT LONG 500 GR|Ψωμί σικάλεως με ηλιόσπορο. Χωρίς συντηρητικά.|https://www.ab.gr/medias/sys_master/hbd/hc0/8836362567710.jpg|3
ΑΡΤΟΣΚΕΥΑΣΜΑ VOLLKORNBROT 500 GR|Ψωμί από πλήρη σίκαλη. Χωρίς συντηρητικά.|https://www.ab.gr/medias/sys_master/h15/h0d/8839942963230.jpg|3
ΚΕΙΚ BAR ΒΑΝΙΛΙΑ 64 GR||https://www.ab.gr/medias/sys_master/h37/h99/8930739027998.jpg|3
ΚΕΪΚ ΜΕ ΚΟΜΜΑTIA ΣΟΚΟΛΑΤΑΣ 400 GR||https://www.ab.gr/medias/sys_master/h3c/h0e/8924766470174.jpg|3
ΚΕΪΚ ΜΕ ΠΟΡΤΟΚΑΛΙ ΣΟΚΟΛΑΤΑ 400 GR||https://www.ab.gr/medias/sys_master/h8f/h23/8924765224990.jpg|3
ΚΟΥΛΟΥΡΙΑ ΑΛΜΥΡΑ ΜΕ ΕΛΙΑ 200 GR|Με 100% έξτρα παρθένο ελαιόλαδο. Πλούσια σε διαιτητικές ίνες. Χωρίς ζάχαρη.|https://www.ab.gr/medias/sys_master/h37/h8b/8836045963294.jpg|3
ΚΟΥΛΟΥΡΙΑ ΓΛΥΚΑ ΚΡΗΤΙΚΟ ΚΕΡΑΣΜΑ ΜΕ ΚΑΡΥΔΙΑ ΚΑΙ ΜΕΛΙ 400 GR|Μέλι και καρύδια είναι το παραδοσιακό καλώσισμα στα Χανιά. Δοκιμάστε τα ζυμωτά κουλουράκια με κρητικό θυμαρίσιο μέλι και ολόκληρα καρύδια.|https://www.ab.gr/medias/sys_master/h66/haf/8839687503902.jpg|3
ΚΡΙΘΑΡΟΚΟΥΛΟΥΡΑ ΚΟΜΜΕΝΗ 400 GR|Χειροποίητη, διπλοφουρνιστή, θρεπτική και πηγή ενέργειας. Με την αυθεντική γεύση και τα πιο αγνά υλικά της Κρήτης. Πλούσια σε φυτικές ίνες και με χαμηλά λιπαρά είναι αναπόσπαστο κομμάτι της Κρητικής διατροφής.|https://www.ab.gr/medias/sys_master/h76/h3d/8836230053918.jpg|3
ΚΡΙΤΣΙΝΑΚΙΑ ΜΕ ΓΡΑΒΙΕΡΑ & ΦΕΤΑ 80 GR||https://www.ab.gr/medias/sys_master/h60/h3b/8936563769374.jpg|3
ΛΕΜΟΝΟΠΙΤΑ  80 GR||https://www.ab.gr/medias/sys_master/h03/h17/8935627292702.jpg|3
ΠΑΞΙΜΑΔΙΑ ΚΙΤΡΙΝΟΚΟΥΛΟΥΡΟ ΑΣΤΥΠΑΛΑΙΑΣ 250 GR|Τα αυθεντικά κουλούρια της Αστυπάλαιας, με άγρια ζαφορά (σαφράν), χλωρή (τοπικό ανθότυρο) και μπαχαρικά. Χωρίς ζάχαρη ή  συντηρητικά. Χειροποίητα και διπλοφουρνιστά.|https://www.ab.gr/medias/sys_master/h53/h2e/8834820833310.jpg|3
ΑΡΤΟΠΑΡΑΣΚΕΥΑΣΜΑ ΜΠΑΓΚΕΤΙΝΙ ΣΙΜΙΤΑΚΙ 2 Χ 90 GR|Μπαγκετίνι Σιμιτάκι χωρίς συντηρητικά.|https://www.ab.gr/medias/sys_master/h2a/h97/8836035543070.jpg|3
ΑΡΤΟΠΑΡΑΣΚΕΥΑΣΜΑ ΠΟΛΥΣΠΟΡΗ ΦΡΑΤΖΟΛΑ 350 GR|Φρατζόλα πολύσπορη χωρίς συντηρητικά.|https://www.ab.gr/medias/sys_master/h53/hdf/8836006051870.jpg|3
ΚΟΥΛΟΥΡΑΚΙΑ ΠΟΡΤΟΚΑΛΙΟΥ 350 GR|ΜΠΕΡΡΗΣ  ΚΟΥΛΟΥΡΑΚΙΑ  350GR|https://www.ab.gr/medias/sys_master/hf7/h31/8935619166238.jpg|3
ΚΟΥΛΟΥΡΙΑ ΓΛΥΚΑ ΑΛΥΓΔΑΛΟΥ 300 GR|Κουλούρια αμυγδάλου.|https://www.ab.gr/medias/sys_master/hd3/h26/8835855187998.jpg|3
ΚΟΥΛΟΥΡΙΤΣΕΣ ΜΕ ΛΙΝΑΡΟΣΠΟΡΟ 400 ΓΡ||https://www.ab.gr/medias/sys_master/hbd/hd4/8925240459294.jpg|3
ΚΡΙΤΣΙΝΑΚΙΑ ΜΕ ΜΕΛΙ & ΒΡΩΜΗ 90 GR||https://www.ab.gr/medias/sys_master/h97/h8b/8935459192862.jpg|3
ΚΡΟΥΑΣΑΝ ΚΑΚΑΟ 70Γ||https://www.ab.gr/medias/sys_master/h8b/h1f/8925606281246.jpg|3
ΜΠΡΙΟΣ ΜΕ ΒΑΝΙΛΙΑ 60 GR||https://www.ab.gr/medias/sys_master/h55/h27/8923891925022.jpg|3
ΝΤΑΚΟΣ ΚΡΙΘΑΡΕΝΙΟΣ 800 GR|Ντάκος κριθαρένιος από την Ασή Γωνιά Κρήτης. Από αλεύρι κριθαρένιο ολικής αλέσεως πετρόμυλου. Συνοδεύει πολύ ευχάριστα το καθημερινό μας φαγητό. Εξαιρετικός με ελαιόλαδο, τριμμένη ντομάτα, αλάτι, ρίγανη και φέτα ή σουρωτή μυζήθρα κουρούπας ή ξυνομυζήθρα Κρήτης. Βοηθάει στην πέψη και την καλή λειτουργία του εντέρου.|https://www.ab.gr/medias/sys_master/h94/h71/8840162050078.jpg|3
ΠΤΙ ΦΟΥΡ ΙΝΔΟΚΑΡΥΔΟ 350 GR|Τα κλασσικά μας πτιφουρ με ινδοκάρυδο συνοδεύουν πάντα την παρέα σε ένα απογευματινό καφεδάκι.|https://www.ab.gr/medias/sys_master/h0a/hc7/8835975184414.jpg|3
ΦΛΟΓΕΡΕΣ ΜΕ ΤΥΡΙ 100 GR||https://www.ab.gr/medias/sys_master/ha9/h0d/8935418036254.jpg|3
ΨΩΜΙ ΖΥΜΩΤΟ ΧΩΡΙΑΤΙΚΟ ΜΕ ΠΡΟΖΥΜΙ ΦΡΑΤΖΟΛΑ 350 GR|ψωμι||3
ΑΡΤΟΠΑΡΑΣΚΕΥΑΣΜΑ ΚΟΥΒΕΡ ΣΟΥΣΑΜΕΝΙΟ 3 Χ 35 GR|Κουβέρ Σουσαμένιο χωρίς συντηρητικά.|https://www.ab.gr/medias/sys_master/h82/hbf/8845313114142.jpg|3
ΑΡΤΟΠΑΡΑΣΚΕΥΑΣΜΑ ΣΙΚΑΛΗΣ 350 GR|Αρτοπαρασκεύασμα σικάλεως τ. Γερμανίας σε φέτες. Χωρίς συντηρητικά.|https://www.ab.gr/medias/sys_master/hd5/h3e/8834253488158.jpg|3
ΚΕΙΚ SWEET THING 42 GR|Ο τέλειος συνδυασμός! Αφράτα cake με κακάο, λαχταριστή επικάλυψη με σοκολατένια γεύση και γέμιση με γάλα.|https://www.ab.gr/medias/sys_master/heb/h68/8881748213790.jpg|3
ΚΟΥΛΟΥΡΙΑ ΓΛΥΚΑ ΚΡΕΜΑ ΚΑΚΑΟ BITTER 400 GR|Αρτοσκεύασμα ζαχαροπλαστικής γεμιστά cookies κουάκερ με κρέμα κακάο bitter. Φουρνιστά και νηστίσιμα.|https://www.ab.gr/medias/sys_master/h9b/h6c/8838275301406.jpg|3
ΚΟΥΛΟΥΡΙΑ ΓΛΥΚΑ ΜΕΛΙΟΥ 500 GR|Γλυκομυρωδάτο κρητικό κουλουράκι μελιού με αγνό ελαιόλαδο και μέλι χωρίς συντηρητικά. Ζυμωμένο με βρασμένο νερό από αρωματικά βότανα Κρήτης.|https://www.ab.gr/medias/sys_master/hfe/h0e/8809103687710.jpg|3
ΚΟΥΛΟΥΡΙΑ ΘΕΣΣΑΛΟΝΙΚΗΣ 2 X 70 GR|ΨΩΜΙ||3
ΚΟΥΛΟΥΡΙΑ ΜΕΘΥΣΜΕΝΑ 300 GR||https://www.ab.gr/medias/sys_master/h11/h98/8935436779550.jpg|3
ΚΡΟΥΑΣΑΝ ΒΕΡΙΚΟΚΟ 70GR|7DAYS  ΚΟΥΡΑΣΑΝ   0.70GR|https://www.ab.gr/medias/sys_master/h6f/hdf/8853984444446.jpg|3
ΚΡΟΥΑΣΑΝ ΒΕΡΙΚΟΚΟ 80 ΓΡ||https://www.ab.gr/medias/sys_master/h80/hb5/8853985034270.jpg|3
ΛΑΓΑΝΑΚΙ ΖΥΜΩΤΟ ΧΩΡΙΑΤΙΚΟ ΜΕ ΠΡΟΖΥΜΙ 320 GR|ΨΩΜΙ||3
ΜΗΛΟΠΙΤΑ  80GR||https://www.ab.gr/medias/sys_master/h01/hbf/8935639220254.jpg|3
ΜΠΡΙΟΣ ΜΕ ΣΟΚΟΛΑΤΑ ΓΑΛΑΚΤΟΣ 60 GR||https://www.ab.gr/medias/sys_master/hfb/h68/8923906474014.jpg|3
ΠΑΞΙΜΑΔΑΚΙ ΣΙΚΑΛΗΣ 380 - 400 GR|Στον Κίσσαμο σε ένα από τα πιο όμορφα χωριά των Χανίων παρασκευάζονται με μεράκι τα γνήσια παραδοσιακά παξιμαδάκια Κρήτης. Παξιμαδάκια σίκαλης φτιαγμένα με παραδοσιακή συνταγή, που αναδεικνύει το Μεσογειακό τρόπο διατροφής. Η ΆλφαΒήτα κοντά στην ελληνική γη.|https://www.ab.gr/medias/sys_master/h7a/h21/8809258745886.jpg|3
ΠΑΞΙΜΑΔΙΑ ΘΥΜΑΡΙΣΙΑ ΑΣΤΥΠΑΛΑΙΑΣ 400 GR|Μια απολαυστική, Μεσογειακή μπουκιά! Εξαιρετικό υγιεινό σνακ για κάθε στιγμή της μέρας!|https://www.ab.gr/medias/sys_master/h63/h0b/8880390406174.jpg|3
ΤΣΑΝΟΣ ΚΟΥΛΟΥΡΙΑ ΣΟΚΟΛΑΤΑΣ 300 GR||https://www.ab.gr/medias/sys_master/ha5/h51/8841189556254.jpg|3
ΨΩΜΙ ΣΠΑΡΤΙΑΤΙΚΟ ΜΕ ΠΡΟΖΥΜΙ ΚΑΡΒΕΛΙ ΣΕ ΦΕΤΕΣ 700 GR|ΨΩΜΙ||3
SWISS ROLL KAKAO 200 GR|Ένα κέικ που το μοιράζεσαι! Αφράτο και απολαυστικό κέικ, επικαλυμμένο με απομίμηση σοκολάτας και γέμιση κρέμα κακάο ιδανικό για να το μοιράζεσαι. Συνοδεύει ευχάριστα την κάθε στιγμή σας.|https://www.ab.gr/medias/sys_master/h23/hae/8881747591198.jpg|3
ΑΡΤΟΠΑΡΑΣΚΕΥΑΣΜΑ ΣΙΜΙΓΔΑΛΙ ΣΟΥΣΑΜΙ 350 GR|Αρτοπαρασκεύασμα σιμιγδαλένιο με σουσάμι.|https://www.ab.gr/medias/sys_master/h29/hae/8834371256350.jpg|3
ΑΡΤΟΣΚΕΥΑΣΜΑ ΕΛΙΟΨΩΜΟ 150 GR|Ελιόψωμο χωρίς συντηρητικά.|https://www.ab.gr/medias/sys_master/h8a/h2b/8840992423966.jpg|3
ΑΡΤΟΣΚΕΥΑΣΜΑ ΚΑΡΒΕΛΙ ΒΙΟΛΟΓΙΚΟ ΣΙΚΑΛΗΣ 430 GR|ΒΙΟ ΣΙΚΑΛΗ|https://www.ab.gr/medias/sys_master/h8c/h2e/8840865611806.jpg|3
ΑΡΤΟΣΚΕΥΑΣΜΑ ΚΟΥΛΟΥΡΙ ΘΕΣΣΑΛΟΝΙΚΗΣ ΟΛΙΚΗΣ ΑΛΕΣΗΣ 2 Χ 80 GR|Κουλούρι Θεσσαλονίκης ολικής άλεσης χωρίς συντηρητικά.|https://www.ab.gr/medias/sys_master/h7a/h79/8836123230238.jpg|3
ΚΕΪΚ ΚΑΚΑΟ 200 GR|Με επικάλυψη σοκολάτας και γέμιση κρέμα κακάο.|https://www.ab.gr/medias/sys_master/hef/hc7/8910472904734.jpg|3
ΚΟΥΛΟΥΡΑΚΙΑ ΛΕΜΟΝΙΟΥ 350 GR||https://www.ab.gr/medias/sys_master/h03/h8b/8935630438430.jpg|3
ΚΟΥΛΟΥΡΙΑ ΓΛΥΚΑ ΜΗΛΟ ΚΑΝΕΛΑ 300 GR|Με 100% φρέσκο μήλο. Προϊόν νηστίσιμο.|https://www.ab.gr/medias/sys_master/hcc/hae/8836167335966.jpg|3
ΚΟΥΛΟΥΡΙΑ ΓΛΥΚΑ ΦΟΥΡΝΙΑΝΑ ΚΡΗΤΗΣ 400 GR|Τα λαχταριστά κουλουράκια με μαχλέπι και έντονη γεύση βανίλιας, βασισμένα σε τοπική συνταγή. Θα γίνουν τα αγαπημένα των παιδιών!|https://www.ab.gr/medias/sys_master/h2e/h4e/8839688486942.jpg|3
ΚΡΙΤΣΙΝΙΑ ΠΟΛΥΣΠΟΡΑ 110 GR||https://www.ab.gr/medias/sys_master/h4e/he6/8903723057182.jpg|3
ΚΡΟΥΑΣΑΝ ΜΑΚΕΔΟΝΙΚΑ ΖΥΜΩΜΑΤΑ 260 GR|Κρουασανάκια εκλεκτής αρτοποιίας με γέμιση κρέμα κακάο.|https://www.ab.gr/medias/sys_master/h54/ha5/8847601467422.jpg|3
ΚΡΟΥΑΣΑΝ ΜΕ ΓΕΜΙΣΗ ΚΕΡΑΣΙ 80 GR||https://www.ab.gr/medias/sys_master/h2c/h81/8880362881054.jpg|3
ΠΑΞΙΜΑΔΙΑ ME ΚΑΡΥΔΙ ΜΕΛΙ 300 GR||https://www.ab.gr/medias/sys_master/hf4/hea/8935446413342.jpg|3
ΠΑΞΙΜΑΔΙΑ ΜΠΟΥΚΙΕΣ ΟΛ. ΑΛΕΣΗΣ 300 ΓΡ||https://www.ab.gr/medias/sys_master/hd7/hbd/8860425519134.jpg|3
ΠΑΞΙΜΑΔΟΚΟΥΠΑ 4 ΤΕΜΑΧΙΑ 160 GR|Τοποθετήστε εντός της παξιμαδόκουπας σαλάτες, εδέσματα και φαγητά της επιλογής σας, δημιουργώντας μοναδικούς γευστικούς συνδυασμούς. Χρησιμοποιείστε την παξιμαδόκουπα στο φούρνο ή στα μικροκύματα για να ζεστάνετε και να απολαύσετε οποιοδήποτε φαγητό. Στόχος στην ΕΡΩΦΙΛΗ είναι η διατήρηση και η διάδοση της κρητικής αλλά και μεσογειακής διατροφής, συνδυάζοντας αρμονικά την παράδοση και την ποιότητα που οι αξίες τους είναι διαχρονικές.|https://www.ab.gr/medias/sys_master/hf8/h43/8839980908574.jpg|3
ΤΣΑΝΟΣ ΚΟΥΛΟΥΡΙΑ ΒΑΝΙΛΙΑΣ 300 GR|Με 100% φυσική βανίλια Μαδαγασκάρης. Με έξτρα παρθένο ελαιόλαδο. Προϊόν νηστίσιμο.|https://www.ab.gr/medias/sys_master/hf7/h3b/8841247555614.jpg|3
ΤΣΑΝΟΣ ΚΟΥΛΟΥΡΙΑ ΜΕ ΚΟΜΜΑΤΑΚΙΑ ΣΟΚΟΛΑΤΑΣ ΥΓΕΙΑΣ ΚΑΙ ΑΜΥΓΔΑΛΑ 300 GR|Με 100% κομματάκια σοκολάτας υγείας. Νηστίσιμο προϊόν.|https://www.ab.gr/medias/sys_master/hd7/h5f/8841122054174.jpg|3
ΦΡΥΓΑΝΙΕΣ ΣΙΚΑΛΗΣ 180 GR|Φρυγανιές σίτου με σίκαλη.|https://www.ab.gr/medias/sys_master/hf4/h85/8807954120734.jpg|3
ΨΩΜΑΚΙΑ ΓΙΑ ΣΑΝΤΟΥΙΤΣ 4 X 75 GR|ΨΩΜΑΚΙΑ ΓΙΑ ΣΑΝΤΟΥΙΤΣ 4Χ80ΓΡ 320GR||3
ΨΩΜΙ ΜΑΚΕΔΟΝΙΚΟ ΜΕ ΚΑΛΑΜΠΟΚΙ 290 GR|ΨΩΜΙ||3
ΨΩΜΙ ΜΕ ΠΡΟΖΥΜΙ ΒΑΣΙΛΙΚΟΥ ΚΡΙΘΑΡΕΝΙΟ ΣΕ ΦΕΤΕΣ 600 GR 600 GR|ΨΩΜΙ ΠΡΟΖΥΜΕΝΙΟ ΚΡΙΘΙΝΟ ΟΛΙΚΗΣ ΦΕΤΕΣ  600 ΓΡ|https://www.ab.gr/medias/sys_master/hfb/h70/8896280526878.jpg|3
ΑΡΤΟΣΚΕΥΑΣΜΑ RYE BREAD 250 GR|Ψωμί με ολόκληρους σπόρους σίκαλης. Χωρίς συντηρητικά.|https://www.ab.gr/medias/sys_master/hda/h08/8838681034782.jpg|3
ΑΡΤΟΣΚΕΥΑΣΜΑ ΚΟΥΛΟΥΡΙ ΘΕΣΣΑΛΟΝΙΚΗΣ ΜΕ ΕΛΙΕΣ 2 Χ 80 GR|Κουλούρι Θεσσαλονίκης Ελιάς χωρίς συντηρητικά.|https://www.ab.gr/medias/sys_master/h49/h7f/8841048719390.jpg|3
ΑΡΤΟΣΚΕΥΑΣΜΑ ΚΟΥΛΟΥΡΙ ΘΕΣΣΑΛΟΝΙΚΗΣ  ΟΛΙΚΗΣ ΑΛΕΣΗΣ ΜΕ ΣΤΑΦΙΔΕΣ 2 Χ 80 GR|Κουλούρι Θεσσαλονίκης ολικής άλεσης με σταφίδες χωρίς συντηρητικά.|https://www.ab.gr/medias/sys_master/h78/h7d/8840983969822.jpg|3
ΑΡΤΟΣΚΕΥΑΣΜΑ ΜΠΡΙΟΣ ΜΕ ΚΟΜΜΑΤΙΑ ΣΟΚΟΛΑΤΑΣ ΥΓΕΙΑΣ 2 Χ 60 GR|Μπριός με κομματάκια σοκολάτας υγείας χωρίς συντηρητικά.|https://www.ab.gr/medias/sys_master/h11/h48/8836019224606.jpg|3
ΑΡΤΟΣΚΕΥΑΣΜΑ ΣΤΑΦΙΔΟΨΩΜΟ 2 Χ 60 GR|Σταφιδόψωμο χωρίς συντηρητικά.|https://www.ab.gr/medias/sys_master/h3d/he3/8841087844382.jpg|3
ΑΤΟΜΙΚΑ ΚΡΟΥΑΣΑΝ KAKAO 70GR|TRENDY  ΚΡΟΥΑΣΑΝ KAKAO 70GR|https://www.ab.gr/medias/sys_master/h79/h45/8861468033054.jpg|3
ΚΕΙΚ ΑΜΥΓΔΑΛΟ 2 Χ 80 GR|Κεϊκάκια βανίλιας με αμύγδαλο.|https://www.ab.gr/medias/sys_master/hc2/h67/8836117921822.jpg|3
ΚΕΙΚ ΣΟΚΟΛΑΤΑΣ ΜΙΝΙ 2 Χ 80 GR|Κεϊκάκια σοκολάτας.|https://www.ab.gr/medias/sys_master/heb/h54/8836052254750.jpg|3
ΚΟΥΛΟΥΡΙΑ ΑΛΜΥΡΑ ΚΡΑΣΙΟΥ ΧΩΡΙΣ ΖΑΧΑΡΗ 200 GR|Με εξαιρετικό παρθένο ελαιόλαδο. Χωρίς συντηρητικά. Χωρίς ζάχαρη.|https://www.ab.gr/medias/sys_master/h95/ha8/8836133453854.jpg|3
ΚΟΥΛΟΥΡΙΑ ΓΛΥΚΑ ΑΜΥΓΔΑΛΟΥ 400 GR|Με σεβασμό στην παράδοση, δημιουργήθηκαν τα κουλουράκια αμυγδάλου με μέλι, που έχουν αγαπηθεί από μικρούς και μεγάλους. Ολόκληρα αμύγδαλα, θυμαρίσιο μέλι Κρήτης και αυθεντικό βούτυρο συνθέτουν μια τραγανή απόλαυση.|https://www.ab.gr/medias/sys_master/haa/h71/8834345500702.jpg|3
ΚΟΥΛΟΥΡΙΑ ΓΛΥΚΑ ΑΡΧΟΝΤΙΚΟ 400 GR|"Γλυκομυρωδάτο κρητικό κουλουράκι μελένιο ""Το αρχοντικό"" με αγνό ελαιόλαδο και μέλι χωρίς συντηρητικά. Ζυμωμένο με βρασμένο νερό από αρωματικά βότανα Κρήτης."|https://www.ab.gr/medias/sys_master/hea/h0e/8809103032350.jpg|3
ΚΟΥΛΟΥΡΙΑ ΓΛΥΚΑ ΒΑΝΙΛΙΑΣ 340 GR|Πλεξουδάκια βανίλιας με βούτυρο αγελάδος. Χωρίς συντηρητικά.|https://www.ab.gr/medias/sys_master/hdc/he3/8834741796894.jpg|3
ΚΡΙΘΑΡΟΚΟΥΛΟΥΡΑ ΑΦΡΑΤΗ 400 GR|Η αφράτη κριθαροκουλούρα είναι απολαυστική με το καθημερινό σας φαγητό. Φτιαγμένη από κριθαρένιο αλλά και σταρένιο αλεύρι, είναι λιγότερο σκληρή και μπορεί να καταναλωθεί και χωρίς να βραχεί. Η ΆλφαΒήτα κοντά στην ελληνική γη.|https://www.ab.gr/medias/sys_master/h08/h58/8833472626718.jpg|3
ΚΡΙΤΣΙΝΙΑ ΖΕΙΔΩΡΟ ΔΙΚΟΚΚΟ ΣΙΤΑΡΙ 230 GR||https://www.ab.gr/medias/sys_master/h67/hfe/8935430815774.jpg|3
ΚΡΟΥΑΣΑΝ ΠΡΑΛΙΝΑ ΦΟΥΝΤΟΥΚΙΟΥ 150 GR||https://www.ab.gr/medias/sys_master/h55/hbd/8903864418334.jpg|3
ΟΛΙΚΗΣ ΑΛΕΣΗΣ ΟΛΙΚΗΣ ΑΛΕΣΗΣ 110 GR||https://www.ab.gr/medias/sys_master/h76/h68/8903686488094.jpg|3
ΠΑΞΙΜΑΔΑΚΙΑ ΠΟΛΥΣΠΟΡΕΣ ΜΠΟΥΚΙΕΣ ΑΣΤΥΠΑΛΑΙΑΣ 250 GR|Οι πολύσπορες μπουκιές Αστυπάλιας αποτελούν μια εξαιρετικά υγιεινή επιλογή για κάθε στιγμή της ημέρας. Οι σπόροι με τις αποδεδειγμένες ευγερτικές ιδιότητες τους, το εξαιρετικό παρθένο ελαιόλαδο και το αλεύρι ολικής άλεσης συνθέτουν ένα υγιεινό σνακ με ιδιαίτερα απολαυστική γεύση.|https://www.ab.gr/medias/sys_master/hb7/h25/8835905978398.jpg|3
ΠΑΞΙΜΑΔΑΚΙΑ ΣΤΑΦΙΔΑΣ 380 GR|Είναι απόγευμα, απολαμβάνετε με καλή παρέα τον καφέ σας ή το τσάι σας, αλλά κάτι λείπει... κάτι γλυκό και τραγανό! Δοκιμάστε τα διπλοφουρνιστά παξιμαδάκια σταφίδας, με διαλεχτές ζουμερές κρητικές σταφίδες, φτιαγμένα από τα πιο αγνά υλικά και χωρίς καθόλου συντηρητικά.|https://www.ab.gr/medias/sys_master/h02/h0b/8809070264350.jpg|3
ΤΣΑΝΟΣ ΚΟΥΛΟΥΡΙΑ DIGESTIVE ΟΛΙΚΗΣ ΑΛΕΣΗΣ 300 GR|Με έξτρα παρθένο ελαιόλαδο. Προϊόν νηστίσιμο.|https://www.ab.gr/medias/sys_master/h86/h50/8841106915358.jpg|3
CAKE BAR ΚΑΚΑΟ 32 GR|Με επικάλυψη σοκολάτας και γέμιση κρέμα κακάο.|https://www.ab.gr/medias/sys_master/h38/hae/8854451781662.jpg|3
COFFEE RINGS  550 GR|Και ζεσταμένο είναι υπέροχο! Αρκούν 3 - 5 λεπτά σε προθερμασμένο φούρνο. Στην συνέχεια, αν θέλετε, προσθέτετε το παγωτό της αρεσκείας σας και σερβίρετε αμέσως.|https://www.ab.gr/medias/sys_master/hf8/h05/8809027993630.jpg|3
ΑΡΤΟΠΑΡΑΣΚΕΥΑΣΜΑ ΓΕΡΜΑΝΙΚΗ ΦΡΑΤΖΟΛΑ ΣΙΚΑΛΗΣ 350 GR|Φρατζόλα σίκαλης Γερμανική χωρίς συντηρητικά.|https://www.ab.gr/medias/sys_master/hc8/h87/8835721822238.jpg|3
ΑΡΤΟΠΑΡΑΣΚΕΥΑΣΜΑ ΜΠΑΓΚΕΤΑ ΣΙΚΑΛΗΣ ΓΕΡΜΑΝΙΚΗΣ 280 GR|Μπαγκέτα σίκαλης γερμανική χωρίς συντηρητικά.|https://www.ab.gr/medias/sys_master/h06/hd2/8845314293790.jpg|3
ΑΡΤΟΣΚΕΥΑΣΜΑ ΚΟΥΛΟΥΡΙ ΘΕΣΣΑΛΟΝΙΚΗΣ ΜΕ ΤΥΡΙ 100 GR|Κουλούρι Θεσσαλονίκης με τυρί χωρίς συντηρητικά.|https://www.ab.gr/medias/sys_master/h1e/hd1/8841079980062.jpg|3
ΑΡΤΟΣΚΕΥΑΣΜΑ ΜΠΡΙΟΣ ΜΕ ΤΥΡΙΑ 150 GR|Μπριός με φέτα και γκούντα χωρίς συντηρητικά.|https://www.ab.gr/medias/sys_master/hdb/h9e/8841067790366.jpg|3
ΚΕΡΑΣΟΠΙΤΑ  80 GR||https://www.ab.gr/medias/sys_master/h64/h5a/8935640465438.jpg|3
ΚΕΪΚ ΑΝΑΜΕΙΚΤΟ 450 GR|ΑΒ Επιλογή. Κέικ βανίλια - κακάο.|https://www.ab.gr/medias/sys_master/hd5/h17/8828505194526.jpg|3
ΜΠΑΓΚΕΤΑ ΠΟΛΥΤΕΛΕΙΑΣ 250 GR|ΨΩΜΙ||3
ΜΠΑΓΚΕΤΑ ΣΙΜΙΓΔΑΛΙ 300 GR|ΨΩΜΙ||3
ΜΠΡΙΟΣ ΜΕ  ΚΑΡΑΜΕΛΑ 60 GR||https://www.ab.gr/medias/sys_master/hab/hae/8923890679838.jpg|3
ΠΑΞΙΜΑΔΑΚΙ ΓΑΜΟΥ 480-500 GR|Γλυκομυρωδάτο Ασηγωνιάτικο παξιμαδάκι γάμου χωρίς συντηρητικά. Ζυμωμένο με βρασμένο νερό από αρωματικά βότανα Κρήτης.|https://www.ab.gr/medias/sys_master/h26/h0f/8809104998430.jpg|3
ΠΑΞΙΜΑΔΟΚΟΥΠΑ 2 ΤΕΜΑΧΙΑ 260 GR|Τοποθετήστε εντός της παξιμαδόκουπας σαλάτες, εδέσματα και φαγητά της επιλογής σας, δημιουργώντας μοναδικούς γευστικούς συνδυασμούς. Χρησιμοποιείστε την παξιμαδόκουπα στο φούρνο ή στα μικροκύματα για να ζεστάνετε και να απολαύσετε οποιοδήποτε φαγητό. Στόχος στην ΕΡΩΦΙΛΗ είναι η διατήρηση και η διάδοση της κρητικής αλλά και μεσογειακής διατροφής, συνδυάζοντας αρμονικά την παράδοση και την ποιότητα που οι αξίες τους είναι διαχρονικές.|https://www.ab.gr/medias/sys_master/h50/h64/8840013938718.jpg|3
ΤΣΟΥΡΕΚΙ  450 GR|ΤΣΟΥΡΕΚΙ  500GR|https://www.ab.gr/medias/sys_master/h1a/he9/8854286073886.jpg|3
ΤΣΟΥΡΕΚΙΑ ΓΕΜΙΣΤΑ ΚΡΕΜΑ ΚΑΚΑΟ 320 GR|Τσουρεκάκια με προζύμι Φαίδων. Γεμιστά με κρέμα κακάο!|https://www.ab.gr/medias/sys_master/hc3/h4c/8838299746334.jpg|3
ΨΩΜΑΚΙΑ ΓΙΑ BURGER 4 X 75 GR|ΨΩΜΑΚΙΑ ΓΙΑ BURGER 320GR||3
ΨΩΜΙ ΦΟΛΒΕΤ ΜΠΡΟΤ 740GR|ΨΩΜΙ ΦΟΛΒΕΤ ΜΠΡΟΤ 740GR|https://www.ab.gr/medias/sys_master/ha1/hdf/8853136113694.jpg|3
CAKE BAR ΚΑΚΑΟ 30 GR|Με επικάλυψη σοκολάτας και γέμιση κρέμα κακάο.|https://www.ab.gr/medias/sys_master/h5e/he7/8910495318046.jpg|3
KEIK ΜΕ ΣΤΑΓΟΝΕΣ ΣΟΚΟΛΑΤΑΣ 400 GR|KEIK  400GR||3
ΑΡΤΟΠΑΡΑΣΚΕΥΑΣΜΑ ΚΑΡΒΕΛΙ ΧΩΡΙΑΤΙΚΟ ΧΕΙΡΟΠΟΙΗΤΟ 350 GR|Ψωμί λαδιού Σπιτικό χωρίς συντηρητικά.|https://www.ab.gr/medias/sys_master/h5c/h87/8836131880990.jpg|3
ΑΡΤΟΠΑΡΑΣΚΕΥΑΣΜΑ ΟΛΙΚΗΣ ΑΛΕΣΗΣ 350 GR|Ψωμί ολικής άλεσης χωρίς συντηρητικά.|https://www.ab.gr/medias/sys_master/hb5/h2d/8836008017950.jpg|3
ΚΕΙΚ ΑΝΑΜΙΚΤΟ  ΜΙΝΙ 2 Χ 80 GR|Κεϊκάκια ανάμεικτα.|https://www.ab.gr/medias/sys_master/hce/h2b/8833408925726.jpg|3
ΚΟΥΛΟΥΡΑΚΙΑ ΒΑΝΙΛΙΑ 350 GR|ΜΠΕΡΡΗΣ  ΚΟΥΛΟΥΡΑΚΙΑ  350GR|https://www.ab.gr/medias/sys_master/h3d/heb/8935628865566.jpg|3
ΚΟΥΛΟΥΡΑΚΙΑ ΒΟΡΕΙΟΥ ΑΙΓΑΙΟΥ ΝΩΠΗ ΜΟΥΣΤΟΥ 350 GR|ΜΠΕΡΡΗΣ  ΚΟΥΛΟΥΡΑΚΙΑ  350GR|https://www.ab.gr/medias/sys_master/hdf/hd0/8935634501662.jpg|3
ΚΟΥΛΟΥΡΙΑ ΑΛΜΥΡΑ ΜΕ ΛΙΑΣΤΗ ΝΤΟΜΑΤΑ 200 GR|Με εξαιρετικό παρθένο ελαιόλαδο. Χωρίς συντηρητικά. Χωρίς ζάχαρη.|https://www.ab.gr/medias/sys_master/h70/hb8/8835947069470.jpg|3
ΚΟΥΛΟΥΡΙΑ ΓΛΥΚΑ ΠΟΡΤΟΚΑΛΙ 400 GR|Κρητικό κουλουράκι με φυσικό χυμό πορτοκαλιού χωρίς συντηρητικά. Ζυμωμένο με βρασμένο νερό από αρωματικά βότανα Κρήτης.|https://www.ab.gr/medias/sys_master/hfd/h20/8838699712542.jpg|3
ΜΠΑΓΚΕΤΑ ΜΕ ΠΡΟΖΥΜΙ 300 GR|ΨΩΜΙ||3
ΠΑΞΑΜΑΣ ΛΑΔΙΟΥ 400 GR||https://www.ab.gr/medias/sys_master/hdb/hda/8940776357918.jpg|3
ΠΑΞΑΜΑΣ ΣΤΑΡΕΝΙΟΣ ΜΑΝΗΣ 400 GR||https://www.ab.gr/medias/sys_master/hba/h85/8940763381790.jpg|3
ΠΑΞΙΜΑΔΙΑ ΚΡΙΘΑΡΟΚΟΥΛΟΥΡΑ 600GR 0.25Ε|ΚΡΗΤΩΝ ΑΡΤΟΣ  ΠΑΞΙΜΑΔΙΑ ΚΡΙΘΑΡΟΚΟΥΛΟΥΡΑ 600GR||3
ΤΣΑΝΟΣ ΚΟΥΛΟΥΡIA ΜΕ ΦΥΣΙΚΗ ΜΑΣΤΙΧΑ ΧΙΟΥ 300 GR|Με 100% φυσική μαστίχα Χίου. Με έξτρα παρθένο ελαιόλαδο. Προϊόν νηστίσιμο.|https://www.ab.gr/medias/sys_master/h32/h37/8847298953246.jpg|3
ΤΣΑΝΟΣ ΚΟΥΛΟΥΡΙΑ ΜΕ ΜΕΛΙ ΚΑΙ ΣΟΥΣΑΜΙ 300 GR||https://www.ab.gr/medias/sys_master/hf7/hb9/8841218064414.jpg|3
ΤΣΟΥΡΕΚΑΚΙ  75 GR|ΤΣΟΥΡΕΚΑΚΙ  85GR|https://www.ab.gr/medias/sys_master/h9e/hd8/8854277226526.jpg|3
ΤΣΟΥΡΕΚΙ ΜΕ ΠΡΑΛΙΝΑ 115 GR|ΤΣΟΥΡΕΚΙ ΜΕ ΠΡΑΛΙΝΑ 115GR||3
ΚΟΥΛΟΥΡΑΚΙΑ ΛΑΔΙΟΥ 350 GR 350 GR|ΜΠΕΡΡΗΣ  ΚΟΥΛΟΥΡΑΚΙΑ  350GR|https://www.ab.gr/medias/sys_master/h3a/h7e/8935632011294.jpg|3
ΠΑΞΑΜΑΣ ΚΡΙΘΑΡΟΚΟΥΛΟΥΡΑ 400 GR||https://www.ab.gr/medias/sys_master/h5c/heb/8940779765790.jpg|3
ΠΑΞΑΜΑΣ ΚΡΙΘΙΝΟΣ 400 GR||https://www.ab.gr/medias/sys_master/hd5/hf8/8940761219102.jpg|3
ΠΑΞΑΜΑΣ ΚΡΙΘΙΝΟΣ ΧΩΡΙΣ ΑΛΑΤΙ 400 GR||https://www.ab.gr/medias/sys_master/h2f/h17/8940759056414.jpg|3
ΠΑΞΑΜΑΣ ΣΙΚΑΛΗΣ 400 GR||https://www.ab.gr/medias/sys_master/h79/h0a/8940754141214.jpg|3
